0	4/29/14	8.32	8.32	8.32	8.32	0	8.32	20	深华发Ａ	SZ1	4/28/14	8.32	8.32	8.32	8.32	0	8.32	20	深华发Ａ	SZ2	4/25/14	8.32	8.32	8.32	8.32	0	8.32	20	深华发Ａ	SZ3	4/24/14	8.32	8.32	8.32	8.32	0	8.32	20	深华发Ａ	SZ4	4/23/14	8.32	8.32	8.32	8.32	0	8.32	20	深华发Ａ	SZ5	4/22/14	8.32	8.32	8.32	8.32	0	8.32	20	深华发Ａ	SZ6	4/21/14	8.32	8.32	8.32	8.32	0	8.32	20	深华发Ａ	SZ7	4/18/14	8.32	8.32	8.32	8.32	0	8.32	20	深华发Ａ	SZ8	4/17/14	8.32	8.32	8.32	8.32	0	8.32	20	深华发Ａ	SZ9	4/16/14	7.57	8.32	7.54	8.32	8413200	8.32	20	深华发Ａ	SZ10	4/15/14	7.56	7.62	7.44	7.56	2514700	7.56	20	深华发Ａ	SZ11	4/14/14	7.4	7.55	7.33	7.55	2613500	7.55	20	深华发Ａ	SZ12	4/11/14	7.71	7.73	7.37	7.43	5377700	7.43	20	深华发Ａ	SZ13	4/10/14	7.82	7.9	7.7	7.73	3609200	7.73	20	深华发Ａ	SZ14	4/9/14	7.94	7.94	7.74	7.79	2949200	7.79	20	深华发Ａ	SZ15	4/8/14	7.85	7.94	7.7	7.88	3144300	7.88	20	深华发Ａ	SZ16	4/7/14	7.9	7.9	7.9	7.9	0	7.9	20	深华发Ａ	SZ17	4/4/14	7.74	7.9	7.63	7.9	3551900	7.9	20	深华发Ａ	SZ18	4/3/14	7.86	7.94	7.65	7.65	3328400	7.65	20	深华发Ａ	SZ19	4/2/14	7.64	8	7.64	7.81	4908000	7.81	20	深华发Ａ	SZ20	4/1/14	7.65	7.75	7.55	7.72	3819700	7.72	20	深华发Ａ	SZ21	3/31/14	7.77	7.85	7.51	7.71	3574800	7.71	20	深华发Ａ	SZ22	3/28/14	7.96	8.23	7.61	7.65	7436200	7.65	20	深华发Ａ	SZ23	3/27/14	8.31	8.36	7.96	7.96	7178100	7.96	20	深华发Ａ	SZ24	3/26/14	8.33	8.4	8.12	8.38	6486000	8.38	20	深华发Ａ	SZ25	3/25/14	8.55	8.75	8.3	8.4	9530600	8.4	20	深华发Ａ	SZ26	3/24/14	8.34	8.84	8.1	8.77	11846200	8.77	20	深华发Ａ	SZ27	3/21/14	8.06	8.47	8.02	8.29	7574900	8.29	20	深华发Ａ	SZ28	3/20/14	8.28	8.9	8.17	8.29	14350100	8.29	20	深华发Ａ	SZ29	3/19/14	8.05	8.65	7.8	8.44	13569800	8.44	20	深华发Ａ	SZ30	3/18/14	8.13	8.25	8.02	8.16	11248200	8.16	20	深华发Ａ	SZ31	3/17/14	7.42	8.74	7.21	8.34	18799600	8.34	20	深华发Ａ	SZ32	3/14/14	7.65	8.34	7.58	7.98	20928400	7.98	20	深华发Ａ	SZ33	3/13/14	6.83	7.58	6.81	7.58	10178500	7.58	20	深华发Ａ	SZ34	3/12/14	6.63	7.03	6.54	6.89	5486900	6.89	20	深华发Ａ	SZ35	3/11/14	6.55	6.66	6.48	6.58	1073600	6.58	20	深华发Ａ	SZ36	3/10/14	6.81	6.82	6.5	6.55	1550500	6.55	20	深华发Ａ	SZ37	3/7/14	6.84	7.04	6.75	6.85	2286800	6.85	20	深华发Ａ	SZ38	3/6/14	6.73	6.88	6.68	6.84	1800600	6.84	20	深华发Ａ	SZ39	3/5/14	6.73	6.83	6.68	6.73	955300	6.73	20	深华发Ａ	SZ40	3/4/14	6.73	6.77	6.6	6.73	897600	6.73	20	深华发Ａ	SZ41	3/3/14	6.58	6.8	6.56	6.74	1498800	6.74	20	深华发Ａ	SZ42	2/28/14	6.46	6.62	6.41	6.62	1023200	6.62	20	深华发Ａ	SZ43	2/27/14	6.56	6.62	6.42	6.46	1202900	6.46	20	深华发Ａ	SZ44	2/26/14	6.5	6.55	6.38	6.55	1301600	6.55	20	深华发Ａ	SZ45	2/25/14	6.76	6.92	6.48	6.5	1782400	6.5	20	深华发Ａ	SZ46	2/24/14	6.72	6.8	6.66	6.8	1210100	6.8	20	深华发Ａ	SZ47	2/21/14	6.83	6.9	6.66	6.71	1799700	6.71	20	深华发Ａ	SZ48	2/20/14	6.86	7.19	6.74	6.85	3813500	6.85	20	深华发Ａ	SZ49	2/19/14	6.85	6.93	6.76	6.85	1607100	6.85	20	深华发Ａ	SZ50	2/18/14	6.94	7	6.85	6.88	2304400	6.88	20	深华发Ａ	SZ51	2/17/14	6.8	6.93	6.8	6.88	1805400	6.88	20	深华发Ａ	SZ52	2/14/14	6.7	6.79	6.66	6.79	1449800	6.79	20	深华发Ａ	SZ53	2/13/14	6.77	6.8	6.7	6.7	1412900	6.7	20	深华发Ａ	SZ54	2/12/14	6.72	6.79	6.67	6.77	1960300	6.77	20	深华发Ａ	SZ55	2/11/14	6.71	6.75	6.63	6.72	1527600	6.72	20	深华发Ａ	SZ56	2/10/14	6.58	6.72	6.56	6.71	1876900	6.71	20	深华发Ａ	SZ57	2/7/14	6.43	6.65	6.41	6.6	1147300	6.6	20	深华发Ａ	SZ58	2/6/14	6.5	6.5	6.5	6.5	0	6.5	20	深华发Ａ	SZ59	2/5/14	6.5	6.5	6.5	6.5	0	6.5	20	深华发Ａ	SZ60	2/3/14	6.5	6.5	6.5	6.5	0	6.5	20	深华发Ａ	SZ61	1/31/14	6.5	6.5	6.5	6.5	0	6.5	20	深华发Ａ	SZ62	1/30/14	6.49	6.59	6.46	6.5	459400	6.5	20	深华发Ａ	SZ63	1/29/14	6.44	6.55	6.39	6.53	969600	6.53	20	深华发Ａ	SZ64	1/28/14	6.53	6.57	6.4	6.47	845900	6.47	20	深华发Ａ	SZ65	1/27/14	6.55	6.55	6.41	6.51	1070500	6.51	20	深华发Ａ	SZ66	1/24/14	6.38	6.6	6.37	6.6	1617500	6.6	20	深华发Ａ	SZ67	1/23/14	6.38	6.44	6.35	6.38	683900	6.38	20	深华发Ａ	SZ68	1/22/14	6.25	6.4	6.2	6.39	1289800	6.39	20	深华发Ａ	SZ69	1/21/14	6.13	6.24	6.12	6.23	401700	6.23	20	深华发Ａ	SZ70	1/20/14	6.12	6.2	6.1	6.13	348700	6.13	20	深华发Ａ	SZ71	1/17/14	6.21	6.25	6.13	6.19	428500	6.19	20	深华发Ａ	SZ72	1/16/14	6.16	6.31	6.16	6.22	565600	6.22	20	深华发Ａ	SZ73	1/15/14	6.2	6.22	6.11	6.18	477000	6.18	20	深华发Ａ	SZ74	1/14/14	5.96	6.17	5.96	6.16	573100	6.16	20	深华发Ａ	SZ75	1/13/14	6	6.07	5.95	6.03	646300	6.03	20	深华发Ａ	SZ76	1/10/14	6.2	6.23	5.96	6	993500	6	20	深华发Ａ	SZ77	1/9/14	6.38	6.46	6.19	6.2	879100	6.2	20	深华发Ａ	SZ78	1/8/14	6.4	6.42	6.33	6.35	664000	6.35	20	深华发Ａ	SZ79	1/7/14	6.25	6.42	6.21	6.35	575600	6.35	20	深华发Ａ	SZ80	1/6/14	6.59	6.59	6.26	6.3	904000	6.3	20	深华发Ａ	SZ81	1/3/14	6.62	6.63	6.48	6.59	765300	6.59	20	深华发Ａ	SZ82	1/2/14	6.53	6.63	6.45	6.62	889000	6.62	20	深华发Ａ	SZ83	1/1/14	6.55	6.55	6.55	6.55	0	6.55	20	深华发Ａ	SZ84	12/31/13	6.45	6.57	6.43	6.55	658600	6.55	20	深华发Ａ	SZ85	12/30/13	6.44	6.58	6.44	6.53	841000	6.53	20	深华发Ａ	SZ86	12/27/13	6.35	6.47	6.31	6.45	588100	6.45	20	深华发Ａ	SZ87	12/26/13	6.46	6.55	6.3	6.31	1057900	6.31	20	深华发Ａ	SZ88	12/25/13	6.35	6.5	6.35	6.5	796600	6.5	20	深华发Ａ	SZ89	12/24/13	6.33	6.45	6.31	6.4	853800	6.4	20	深华发Ａ	SZ90	12/23/13	6.4	6.41	6.18	6.28	1300500	6.28	20	深华发Ａ	SZ91	12/20/13	6.62	6.66	6.33	6.41	2536900	6.41	20	深华发Ａ	SZ92	12/19/13	7.06	7.15	6.71	6.72	2584900	6.72	20	深华发Ａ	SZ93	12/18/13	6.79	6.97	6.71	6.96	2771000	6.96	20	深华发Ａ	SZ94	12/17/13	6.66	6.83	6.65	6.69	1410000	6.69	20	深华发Ａ	SZ95	12/16/13	6.75	6.87	6.65	6.71	1571600	6.71	20	深华发Ａ	SZ96	12/13/13	6.88	7.05	6.75	6.8	2378100	6.8	20	深华发Ａ	SZ97	12/12/13	6.79	7.08	6.74	6.97	4006200	6.97	20	深华发Ａ	SZ98	12/11/13	6.83	6.93	6.71	6.79	2612800	6.79	20	深华发Ａ	SZ99	12/10/13	6.61	7.16	6.61	6.86	5769000	6.86	20	深华发Ａ	SZ100	12/9/13	6.6	6.66	6.55	6.62	1333600	6.62	20	深华发Ａ	SZ101	12/6/13	6.48	6.63	6.45	6.58	1221700	6.58	20	深华发Ａ	SZ102	12/5/13	6.49	6.65	6.47	6.53	1172800	6.53	20	深华发Ａ	SZ103	12/4/13	6.32	6.57	6.31	6.48	1241500	6.48	20	深华发Ａ	SZ104	12/3/13	6.25	6.41	6.18	6.34	1522700	6.34	20	深华发Ａ	SZ105	12/2/13	6.6	6.63	6.17	6.2	2238100	6.2	20	深华发Ａ	SZ106	11/29/13	6.72	6.8	6.68	6.76	1740700	6.76	20	深华发Ａ	SZ107	11/28/13	6.72	6.84	6.67	6.75	1633200	6.75	20	深华发Ａ	SZ108	11/27/13	6.7	6.75	6.63	6.71	1232200	6.71	20	深华发Ａ	SZ109	11/26/13	6.55	6.72	6.51	6.72	1438900	6.72	20	深华发Ａ	SZ110	11/25/13	6.48	6.71	6.4	6.55	1438500	6.55	20	深华发Ａ	SZ111	11/22/13	6.67	6.67	6.5	6.52	1142100	6.52	20	深华发Ａ	SZ112	11/21/13	6.56	6.75	6.47	6.65	2155900	6.65	20	深华发Ａ	SZ113	11/20/13	6.6	6.65	6.52	6.62	1914200	6.62	20	深华发Ａ	SZ114	11/19/13	6.56	6.79	6.51	6.65	2919600	6.65	20	深华发Ａ	SZ115	11/18/13	6.38	6.67	6.38	6.58	3293100	6.58	20	深华发Ａ	SZ116	11/15/13	6.26	6.42	6.26	6.33	1665900	6.33	20	深华发Ａ	SZ117	11/14/13	6.19	6.29	6.14	6.26	667900	6.26	20	深华发Ａ	SZ118	11/13/13	6.3	6.3	6.18	6.2	750500	6.2	20	深华发Ａ	SZ119	11/12/13	6.24	6.37	6.16	6.35	1327900	6.35	20	深华发Ａ	SZ120	11/11/13	6.11	6.2	6.08	6.18	640800	6.18	20	深华发Ａ	SZ121	11/8/13	6.17	6.24	6.07	6.17	791400	6.17	20	深华发Ａ	SZ122	11/7/13	6.16	6.25	6.15	6.17	787500	6.17	20	深华发Ａ	SZ123	11/6/13	6.29	6.35	6.2	6.2	680700	6.2	20	深华发Ａ	SZ124	11/5/13	6.26	6.29	6.11	6.29	760200	6.29	20	深华发Ａ	SZ125	11/4/13	6.19	6.27	6.19	6.24	414000	6.24	20	深华发Ａ	SZ126	11/1/13	6.26	6.26	6.15	6.21	702200	6.21	20	深华发Ａ	SZ127	10/31/13	6.28	6.33	6.2	6.26	957000	6.26	20	深华发Ａ	SZ128	10/30/13	6.15	6.29	6.11	6.29	1078700	6.29	20	深华发Ａ	SZ129	10/29/13	6.43	6.47	6.02	6.15	1208700	6.15	20	深华发Ａ	SZ130	10/28/13	6.4	6.47	6.4	6.43	888600	6.43	20	深华发Ａ	SZ131	10/25/13	6.58	6.58	6.33	6.4	1815400	6.4	20	深华发Ａ	SZ132	10/24/13	6.5	6.76	6.41	6.55	1794000	6.55	20	深华发Ａ	SZ133	10/23/13	6.84	6.84	6.53	6.55	2722400	6.55	20	深华发Ａ	SZ134	10/22/13	7	7.02	6.8	6.82	2062800	6.82	20	深华发Ａ	SZ135	10/21/13	6.85	7.05	6.85	7	2111500	7	20	深华发Ａ	SZ136	10/18/13	6.82	6.88	6.75	6.87	1022400	6.87	20	深华发Ａ	SZ137	10/17/13	6.89	6.89	6.74	6.77	1612100	6.77	20	深华发Ａ	SZ138	10/16/13	7	7	6.78	6.83	1938600	6.83	20	深华发Ａ	SZ139	10/15/13	6.94	7.09	6.78	7.07	3672600	7.07	20	深华发Ａ	SZ140	10/14/13	7.06	7.22	6.97	6.99	3145200	6.99	20	深华发Ａ	SZ141	10/11/13	6.93	7.14	6.86	7.06	4254100	7.06	20	深华发Ａ	SZ142	10/10/13	6.79	7.25	6.74	6.98	5784400	6.98	20	深华发Ａ	SZ143	10/9/13	6.68	6.84	6.62	6.8	2373500	6.8	20	深华发Ａ	SZ144	10/8/13	6.62	6.71	6.51	6.69	1766600	6.69	20	深华发Ａ	SZ145	10/7/13	6.62	6.62	6.62	6.62	0	6.62	20	深华发Ａ	SZ146	10/4/13	6.62	6.62	6.62	6.62	0	6.62	20	深华发Ａ	SZ147	10/3/13	6.62	6.62	6.62	6.62	0	6.62	20	深华发Ａ	SZ148	10/2/13	6.62	6.62	6.62	6.62	0	6.62	20	深华发Ａ	SZ149	10/1/13	6.62	6.62	6.62	6.62	0	6.62	20	深华发Ａ	SZ150	9/30/13	6.6	6.68	6.56	6.62	1702500	6.62	20	深华发Ａ	SZ151	9/27/13	6.54	6.6	6.51	6.59	1185700	6.59	20	深华发Ａ	SZ152	9/26/13	6.79	6.79	6.54	6.54	2093000	6.54	20	深华发Ａ	SZ153	9/25/13	6.91	6.96	6.77	6.79	2182100	6.79	20	深华发Ａ	SZ154	9/24/13	6.88	6.98	6.77	6.94	2770600	6.94	20	深华发Ａ	SZ155	9/23/13	6.81	7.12	6.81	6.94	4117800	6.94	20	深华发Ａ	SZ156	9/20/13	6.79	6.79	6.79	6.79	0	6.79	20	深华发Ａ	SZ157	9/18/13	6.6	6.8	6.56	6.79	2394400	6.79	20	深华发Ａ	SZ158	9/17/13	6.61	6.93	6.61	6.69	5523500	6.69	20	深华发Ａ	SZ159	9/16/13	6.7	6.75	6.6	6.64	2131900	6.64	20	深华发Ａ	SZ160	9/13/13	6.53	6.74	6.52	6.7	3217300	6.7	20	深华发Ａ	SZ161	9/12/13	6.56	6.65	6.52	6.56	1862400	6.56	20	深华发Ａ	SZ162	9/11/13	6.67	6.75	6.54	6.57	2973700	6.57	20	深华发Ａ	SZ163	9/10/13	6.6	6.85	6.5	6.75	4052900	6.75	20	深华发Ａ	SZ164	9/9/13	6.6	6.91	6.48	6.65	4742000	6.65	20	深华发Ａ	SZ165	9/6/13	6.67	6.67	6.5	6.57	2568100	6.57	20	深华发Ａ	SZ166	9/5/13	6.43	6.74	6.34	6.69	4382300	6.69	20	深华发Ａ	SZ167	9/4/13	6.45	6.59	6.41	6.45	2107500	6.45	20	深华发Ａ	SZ168	9/3/13	6.38	6.5	6.32	6.42	1890500	6.42	20	深华发Ａ	SZ169	9/2/13	6.45	6.57	6.22	6.4	2452500	6.4	20	深华发Ａ	SZ170	8/30/13	6.68	6.97	6.4	6.52	5915800	6.52	20	深华发Ａ	SZ171	8/29/13	6.46	6.67	6.33	6.67	5071400	6.67	20	深华发Ａ	SZ172	8/28/13	6.39	6.64	6.35	6.47	4343200	6.47	20	深华发Ａ	SZ173	8/27/13	6.31	6.7	6.31	6.46	4465300	6.46	20	深华发Ａ	SZ174	8/26/13	6.24	6.36	6.23	6.31	1235100	6.31	20	深华发Ａ	SZ175	8/23/13	6.37	6.4	6.09	6.25	1778600	6.25	20	深华发Ａ	SZ176	8/22/13	6.29	6.48	6.26	6.39	2533100	6.39	20	深华发Ａ	SZ177	8/21/13	6.14	6.3	6.1	6.3	1593900	6.3	20	深华发Ａ	SZ178	8/20/13	6.13	6.22	6.11	6.13	820800	6.13	20	深华发Ａ	SZ179	8/19/13	5.98	6.19	5.98	6.17	1227600	6.17	20	深华发Ａ	SZ180	8/16/13	6.18	6.31	5.95	6	2540300	6	20	深华发Ａ	SZ181	8/15/13	6.43	6.44	6.24	6.25	2138800	6.25	20	深华发Ａ	SZ182	8/14/13	6.37	6.43	6.33	6.4	1945700	6.4	20	深华发Ａ	SZ183	8/13/13	6.4	6.48	6.31	6.39	1817900	6.39	20	深华发Ａ	SZ184	8/12/13	6.39	6.46	6.3	6.42	2149200	6.42	20	深华发Ａ	SZ185	8/9/13	6.41	6.53	6.26	6.37	2601100	6.37	20	深华发Ａ	SZ186	8/8/13	6.37	6.68	6.33	6.48	4568100	6.48	20	深华发Ａ	SZ187	8/7/13	6.3	6.51	6.21	6.44	4865700	6.44	20	深华发Ａ	SZ188	8/6/13	6.29	6.37	6.16	6.31	3034500	6.31	20	深华发Ａ	SZ189	8/5/13	6.3	6.36	6.21	6.3	2877900	6.3	20	深华发Ａ	SZ190	8/2/13	6.32	6.5	6.21	6.34	4934500	6.34	20	深华发Ａ	SZ191	8/1/13	6.22	6.5	6.18	6.36	7246300	6.36	20	深华发Ａ	SZ192	7/31/13	6.13	6.76	6.13	6.35	9881200	6.35	20	深华发Ａ	SZ193	7/30/13	6.3	6.42	6.08	6.27	6126800	6.27	20	深华发Ａ	SZ194	7/29/13	5.73	6.33	5.65	6.33	11573700	6.33	20	深华发Ａ	SZ195	7/26/13	5.73	5.78	5.63	5.75	712500	5.75	20	深华发Ａ	SZ196	7/25/13	5.85	5.85	5.69	5.71	888200	5.71	20	深华发Ａ	SZ197	7/24/13	5.76	5.9	5.72	5.85	1024200	5.85	20	深华发Ａ	SZ198	7/23/13	5.64	5.86	5.61	5.79	1353800	5.79	20	深华发Ａ	SZ199	7/22/13	5.55	5.68	5.43	5.64	1125700	5.64	20	深华发Ａ	SZ200	7/19/13	5.73	5.78	5.58	5.6	1234300	5.6	20	深华发Ａ	SZ201	7/18/13	5.7	5.78	5.62	5.67	642300	5.67	20	深华发Ａ	SZ202	7/17/13	5.74	5.83	5.69	5.7	977500	5.7	20	深华发Ａ	SZ203	7/16/13	5.62	5.88	5.6	5.79	1491300	5.79	20	深华发Ａ	SZ204	7/15/13	5.5	5.71	5.5	5.65	859400	5.65	20	深华发Ａ	SZ205	7/12/13	5.63	5.75	5.51	5.55	903100	5.55	20	深华发Ａ	SZ206	7/11/13	5.48	5.76	5.48	5.63	1571000	5.63	20	深华发Ａ	SZ207	7/10/13	5.36	5.52	5.35	5.52	576700	5.52	20	深华发Ａ	SZ208	7/9/13	5.32	5.42	5.3	5.35	278500	5.35	20	深华发Ａ	SZ209	7/8/13	5.48	5.48	5.3	5.31	637900	5.31	20	深华发Ａ	SZ210	7/5/13	5.54	5.62	5.54	5.55	834600	5.55	20	深华发Ａ	SZ211	7/4/13	5.46	5.71	5.36	5.58	2002200	5.58	20	深华发Ａ	SZ212	7/3/13	5.56	5.56	5.28	5.44	507100	5.44	20	深华发Ａ	SZ213	7/2/13	5.52	5.54	5.4	5.51	509400	5.51	20	深华发Ａ	SZ214	7/1/13	5.44	5.49	5.35	5.49	608500	5.49	20	深华发Ａ	SZ215	6/28/13	5.4	5.55	5.35	5.38	941200	5.38	20	深华发Ａ	SZ216	6/27/13	5.68	5.74	5.46	5.46	1337200	5.46	20	深华发Ａ	SZ217	6/26/13	5.41	5.56	5.3	5.56	853000	5.56	20	深华发Ａ	SZ218	6/25/13	5.45	5.54	5	5.34	1073900	5.34	20	深华发Ａ	SZ219	6/24/13	5.89	5.91	5.42	5.46	776200	5.46	20	深华发Ａ	SZ220	6/21/13	5.96	5.96	5.78	5.88	346100	5.88	20	深华发Ａ	SZ221	6/20/13	6.03	6.06	5.91	5.92	540100	5.92	20	深华发Ａ	SZ222	6/19/13	6.06	6.11	5.96	6.06	482400	6.06	20	深华发Ａ	SZ223	6/18/13	6.08	6.11	6.04	6.09	284300	6.09	20	深华发Ａ	SZ224	6/17/13	6.1	6.11	6.01	6.07	433500	6.07	20	深华发Ａ	SZ225	6/14/13	6.01	6.1	6.01	6.06	592200	6.06	20	深华发Ａ	SZ226	6/13/13	6.2	6.2	5.95	6	866000	6	20	深华发Ａ	SZ227	6/12/13	6.24	6.24	6.24	6.24	0	6.24	20	深华发Ａ	SZ228	6/11/13	6.24	6.24	6.24	6.24	0	6.24	20	深华发Ａ	SZ229	6/10/13	6.24	6.24	6.24	6.24	0	6.24	20	深华发Ａ	SZ230	6/7/13	6.32	6.37	6.2	6.24	617900	6.24	20	深华发Ａ	SZ231	6/6/13	6.39	6.4	6.31	6.33	736800	6.33	20	深华发Ａ	SZ232	6/5/13	6.39	6.47	6.38	6.44	488600	6.44	20	深华发Ａ	SZ233	6/4/13	6.6	6.63	6.39	6.43	1293700	6.43	20	深华发Ａ	SZ234	6/3/13	6.57	6.66	6.53	6.6	1075600	6.6	20	深华发Ａ	SZ235	5/31/13	6.62	6.75	6.59	6.6	1578600	6.6	20	深华发Ａ	SZ236	5/30/13	6.61	6.69	6.56	6.64	1636000	6.64	20	深华发Ａ	SZ237	5/29/13	6.7	6.76	6.63	6.64	1484300	6.64	20	深华发Ａ	SZ238	5/28/13	6.67	6.71	6.56	6.7	2121900	6.7	20	深华发Ａ	SZ239	5/27/13	6.53	6.68	6.53	6.67	1732200	6.67	20	深华发Ａ	SZ240	5/24/13	6.47	6.68	6.47	6.6	1599200	6.6	20	深华发Ａ	SZ241	5/23/13	6.5	6.68	6.43	6.5	1886000	6.5	20	深华发Ａ	SZ242	5/22/13	6.65	6.65	6.51	6.51	2135700	6.51	20	深华发Ａ	SZ243	5/21/13	6.53	6.68	6.44	6.65	2357700	6.65	20	深华发Ａ	SZ244	5/20/13	6.52	6.58	6.42	6.5	1731800	6.5	20	深华发Ａ	SZ245	5/17/13	6.36	6.5	6.33	6.46	1774600	6.46	20	深华发Ａ	SZ246	5/16/13	6.33	6.43	6.3	6.36	1541000	6.36	20	深华发Ａ	SZ247	5/15/13	6.27	6.33	6.2	6.32	1155500	6.32	20	深华发Ａ	SZ248	5/14/13	6.24	6.3	6.17	6.26	1166500	6.26	20	深华发Ａ	SZ249	5/13/13	6.23	6.27	6.18	6.26	820900	6.26	20	深华发Ａ	SZ250	5/10/13	6.16	6.24	6.12	6.23	1115200	6.23	20	深华发Ａ	SZ251	5/9/13	6.11	6.19	6.08	6.18	870700	6.18	20	深华发Ａ	SZ252	5/8/13	6.19	6.2	6.06	6.13	1620100	6.13	20	深华发Ａ	SZ253	5/7/13	6.23	6.28	6.1	6.19	1464900	6.19	20	深华发Ａ	SZ254	5/6/13	6.2	6.24	6.13	6.23	575700	6.23	20	深华发Ａ	SZ255	5/3/13	6.15	6.21	6.09	6.19	857100	6.19	20	深华发Ａ	SZ256	5/2/13	6.09	6.18	6.05	6.11	320400	6.11	20	深华发Ａ	SZ257	5/1/13	6.15	6.15	6.15	6.15	0	6.15	20	深华发Ａ	SZ258	4/30/13	6.15	6.15	6.15	6.15	0	6.15	20	深华发Ａ	SZ259	4/29/13	6.15	6.15	6.15	6.15	0	6.15	20	深华发Ａ	SZ260	4/26/13	6.16	6.22	6.14	6.15	428600	6.15	20	深华发Ａ	SZ261	4/25/13	6.21	6.27	6.18	6.19	550600	6.19	20	深华发Ａ	SZ262	4/24/13	6.09	6.3	6.08	6.28	1247800	6.28	20	深华发Ａ	SZ263	4/23/13	6.12	6.13	6.05	6.09	1073300	6.09	20	深华发Ａ	SZ264	4/22/13	6.05	6.15	6.03	6.13	593700	6.13	20	深华发Ａ	SZ265	4/19/13	6.01	6.12	6	6.11	635400	6.11	20	深华发Ａ	SZ266	4/18/13	5.96	6.06	5.96	5.99	421400	5.99	20	深华发Ａ	SZ267	4/17/13	6.02	6.06	5.92	6.04	448000	6.04	20	深华发Ａ	SZ268	4/16/13	6	6.03	5.82	6.03	574200	6.03	20	深华发Ａ	SZ269	4/15/13	6.1	6.16	6.08	6.1	465200	6.1	20	深华发Ａ	SZ270	4/12/13	6.23	6.24	6.1	6.14	806800	6.14	20	深华发Ａ	SZ271	4/11/13	6.23	6.44	6.19	6.27	1195500	6.27	20	深华发Ａ	SZ272	4/10/13	6.21	6.26	6.12	6.23	684800	6.23	20	深华发Ａ	SZ273	4/9/13	6.15	6.24	6.15	6.21	813600	6.21	20	深华发Ａ	SZ274	4/8/13	6.18	6.28	6.06	6.18	1693600	6.18	20	深华发Ａ	SZ275	4/5/13	6.45	6.45	6.45	6.45	0	6.45	20	深华发Ａ	SZ276	4/4/13	6.45	6.45	6.45	6.45	0	6.45	20	深华发Ａ	SZ277	4/3/13	6.78	6.79	6.33	6.45	3117300	6.45	20	深华发Ａ	SZ278	4/2/13	6.21	6.32	6.17	6.19	620600	6.19	20	深华发Ａ	SZ279	4/1/13	6.12	6.28	6.11	6.21	559600	6.21	20	深华发Ａ	SZ280	3/29/13	6.13	6.21	6.11	6.14	294700	6.14	20	深华发Ａ	SZ281	3/28/13	6.28	6.28	6.11	6.13	660300	6.13	20	深华发Ａ	SZ282	3/27/13	6.33	6.37	6.29	6.33	445500	6.33	20	深华发Ａ	SZ283	3/26/13	6.35	6.4	6.27	6.34	542500	6.34	20	深华发Ａ	SZ284	3/25/13	6.31	6.53	6.25	6.42	1176500	6.42	20	深华发Ａ	SZ285	3/22/13	6.39	6.39	6.2	6.35	1021400	6.35	20	深华发Ａ	SZ286	3/21/13	6.38	6.42	6.33	6.39	635300	6.39	20	深华发Ａ	SZ287	3/20/13	6.24	6.37	6.24	6.37	564400	6.37	20	深华发Ａ	SZ288	3/19/13	6.18	6.27	6.14	6.25	445000	6.25	20	深华发Ａ	SZ289	3/18/13	6.31	6.4	6.16	6.17	563800	6.17	20	深华发Ａ	SZ290	3/15/13	6.4	6.46	6.24	6.31	484900	6.31	20	深华发Ａ	SZ291	3/14/13	6.29	6.41	6.29	6.36	266100	6.36	20	深华发Ａ	SZ292	3/13/13	6.38	6.4	6.23	6.33	654800	6.33	20	深华发Ａ	SZ293	3/12/13	6.65	6.68	6.33	6.38	1198300	6.38	20	深华发Ａ	SZ294	3/11/13	6.69	6.69	6.55	6.65	706600	6.65	20	深华发Ａ	SZ295	3/8/13	6.6	6.68	6.56	6.64	728800	6.64	20	深华发Ａ	SZ296	3/7/13	6.74	6.75	6.6	6.66	1395800	6.66	20	深华发Ａ	SZ297	3/6/13	6.58	6.85	6.55	6.77	2305200	6.77	20	深华发Ａ	SZ298	3/5/13	6.45	6.58	6.45	6.58	643200	6.58	20	深华发Ａ	SZ299	3/4/13	6.63	6.63	6.38	6.45	1235400	6.45	20	深华发Ａ	SZ300	3/1/13	6.61	6.65	6.56	6.65	1082400	6.65	20	深华发Ａ	SZ301	2/28/13	6.41	6.63	6.41	6.61	1387500	6.61	20	深华发Ａ	SZ302	2/27/13	6.45	6.48	6.39	6.4	597000	6.4	20	深华发Ａ	SZ303	2/26/13	6.42	6.5	6.35	6.37	878700	6.37	20	深华发Ａ	SZ304	2/25/13	6.4	6.49	6.4	6.47	486600	6.47	20	深华发Ａ	SZ305	2/22/13	6.45	6.5	6.4	6.43	611700	6.43	20	深华发Ａ	SZ306	2/21/13	6.6	6.6	6.34	6.41	1117800	6.41	20	深华发Ａ	SZ307	2/20/13	6.52	6.67	6.52	6.65	969900	6.65	20	深华发Ａ	SZ308	2/19/13	6.71	6.71	6.51	6.54	947100	6.54	20	深华发Ａ	SZ309	2/18/13	6.67	6.7	6.6	6.69	1112900	6.69	20	深华发Ａ	SZ310	2/15/13	6.63	6.63	6.63	6.63	0	6.63	20	深华发Ａ	SZ311	2/14/13	6.63	6.63	6.63	6.63	0	6.63	20	深华发Ａ	SZ312	2/13/13	6.63	6.63	6.63	6.63	0	6.63	20	深华发Ａ	SZ313	2/12/13	6.63	6.63	6.63	6.63	0	6.63	20	深华发Ａ	SZ314	2/11/13	6.63	6.63	6.63	6.63	0	6.63	20	深华发Ａ	SZ315	2/8/13	6.66	6.66	6.59	6.63	1132600	6.63	20	深华发Ａ	SZ316	2/7/13	6.54	6.63	6.54	6.58	937100	6.58	20	深华发Ａ	SZ317	2/6/13	6.58	6.59	6.5	6.54	1002700	6.54	20	深华发Ａ	SZ318	2/5/13	6.55	6.59	6.45	6.58	915600	6.58	20	深华发Ａ	SZ319	2/4/13	6.52	6.59	6.52	6.54	758300	6.54	20	深华发Ａ	SZ320	2/1/13	6.52	6.58	6.5	6.53	1021600	6.53	20	深华发Ａ	SZ321	1/31/13	6.67	6.69	6.51	6.53	1091700	6.53	20	深华发Ａ	SZ322	1/30/13	6.64	6.74	6.56	6.67	1568800	6.67	20	深华发Ａ	SZ323	1/29/13	6.59	6.64	6.56	6.64	1445300	6.64	20	深华发Ａ	SZ324	1/28/13	6.51	6.6	6.42	6.59	1497100	6.59	20	深华发Ａ	SZ325	1/25/13	6.55	6.62	6.48	6.5	1114600	6.5	20	深华发Ａ	SZ326	1/24/13	6.74	6.86	6.54	6.59	2280800	6.59	20	深华发Ａ	SZ327	1/23/13	6.62	7	6.61	6.87	3701300	6.87	20	深华发Ａ	SZ328	1/22/13	6.63	6.78	6.61	6.63	1864500	6.63	20	深华发Ａ	SZ329	1/21/13	6.88	7.02	6.73	6.75	3051600	6.75	20	深华发Ａ	SZ330	1/18/13	6.6	6.97	6.52	6.82	3667200	6.82	20	深华发Ａ	SZ331	1/17/13	6.66	6.66	6.52	6.53	1583700	6.53	20	深华发Ａ	SZ332	1/16/13	6.69	6.73	6.55	6.66	3120400	6.66	20	深华发Ａ	SZ333	1/15/13	6.6	7.2	6.53	6.81	7844600	6.81	20	深华发Ａ	SZ334	1/14/13	6.15	6.8	6.12	6.72	3902900	6.72	20	深华发Ａ	SZ335	1/11/13	6.33	6.42	6.2	6.21	2120100	6.21	20	深华发Ａ	SZ336	1/10/13	6.33	6.38	6.25	6.31	920200	6.31	20	深华发Ａ	SZ337	1/9/13	6.28	6.47	6.24	6.32	1402800	6.32	20	深华发Ａ	SZ338	1/8/13	6.2	6.39	6.16	6.32	2093400	6.32	20	深华发Ａ	SZ339	1/7/13	6.18	6.26	6.1	6.24	928700	6.24	20	深华发Ａ	SZ340	1/4/13	6.26	6.29	6.13	6.16	929900	6.16	20	深华发Ａ	SZ341	1/3/13	6.22	6.22	6.22	6.22	0	6.22	20	深华发Ａ	SZ342	1/2/13	6.22	6.22	6.22	6.22	0	6.22	20	深华发Ａ	SZ343	1/1/13	6.22	6.22	6.22	6.22	0	6.22	20	深华发Ａ	SZ344	12/31/12	6.18	6.27	6.14	6.22	943100	6.22	20	深华发Ａ	SZ345	12/28/12	6.08	6.22	6.05	6.19	998000	6.19	20	深华发Ａ	SZ346	12/27/12	6.26	6.3	6	6.12	2054700	6.12	20	深华发Ａ	SZ347	12/26/12	6.12	6.48	6.07	6.25	2790000	6.25	20	深华发Ａ	SZ348	12/25/12	5.93	6.17	5.88	6.11	1919200	6.11	20	深华发Ａ	SZ349	12/24/12	5.99	6	5.86	5.93	449700	5.93	20	深华发Ａ	SZ350	12/21/12	5.91	6.07	5.9	5.95	915100	5.95	20	深华发Ａ	SZ351	12/20/12	5.96	6.02	5.86	6	894000	6	20	深华发Ａ	SZ352	12/19/12	5.92	6.09	5.9	6.01	1644400	6.01	20	深华发Ａ	SZ353	12/18/12	5.9	5.98	5.87	5.95	1151100	5.95	20	深华发Ａ	SZ354	12/17/12	5.85	6.04	5.83	5.95	1520100	5.95	20	深华发Ａ	SZ355	12/14/12	5.77	5.93	5.72	5.9	1891700	5.9	20	深华发Ａ	SZ356	12/13/12	5.78	5.79	5.63	5.69	773000	5.69	20	深华发Ａ	SZ357	12/12/12	5.71	5.83	5.61	5.77	1076900	5.77	20	深华发Ａ	SZ358	12/11/12	5.81	6.04	5.73	5.77	2169400	5.77	20	深华发Ａ	SZ359	12/10/12	5.78	5.89	5.66	5.88	2180700	5.88	20	深华发Ａ	SZ360	12/7/12	5.61	5.98	5.56	5.84	2214600	5.84	20	深华发Ａ	SZ361	12/6/12	5.61	5.68	5.51	5.63	1184300	5.63	20	深华发Ａ	SZ362	12/5/12	5.3	5.67	5.28	5.61	1807900	5.61	20	深华发Ａ	SZ363	12/4/12	5.21	5.42	5.06	5.39	1257800	5.39	20	深华发Ａ	SZ364	12/3/12	5.28	5.81	5.23	5.45	2274100	5.45	20	深华发Ａ	SZ365	11/30/12	5.19	5.32	5.11	5.28	394100	5.28	20	深华发Ａ	SZ366	11/29/12	5.21	5.38	5.15	5.18	551500	5.18	20	深华发Ａ	SZ367	11/28/12	5.5	5.58	5.31	5.34	791900	5.34	20	深华发Ａ	SZ368	11/27/12	6.02	6.04	5.58	5.59	1400700	5.59	20	深华发Ａ	SZ369	11/26/12	6.13	6.13	6.04	6.05	241900	6.05	20	深华发Ａ	SZ370	11/23/12	6.03	6.13	6.03	6.13	347300	6.13	20	深华发Ａ	SZ371	11/22/12	6.1	6.11	6.06	6.09	301900	6.09	20	深华发Ａ	SZ372	11/21/12	6.08	6.15	6.02	6.15	592800	6.15	20	深华发Ａ	SZ373	11/20/12	6.16	6.16	6.05	6.06	485700	6.06	20	深华发Ａ	SZ374	11/19/12	6.15	6.18	6.01	6.11	348100	6.11	20	深华发Ａ	SZ375	11/16/12	6.07	6.16	6	6.07	515300	6.07	20	深华发Ａ	SZ376	11/15/12	6.14	6.24	6.06	6.12	537800	6.12	20	深华发Ａ	SZ377	11/14/12	6.22	6.24	6.13	6.21	543300	6.21	20	深华发Ａ	SZ378	11/13/12	6.36	6.43	6.15	6.23	1043800	6.23	20	深华发Ａ	SZ379	11/12/12	6.3	6.39	6.3	6.39	362100	6.39	20	深华发Ａ	SZ380	11/9/12	6.27	6.33	6.2	6.27	377200	6.27	20	深华发Ａ	SZ381	11/8/12	6.3	6.37	6.23	6.26	783500	6.26	20	深华发Ａ	SZ382	11/7/12	6.4	6.44	6.36	6.36	538400	6.36	20	深华发Ａ	SZ383	11/6/12	6.46	6.46	6.3	6.39	760200	6.39	20	深华发Ａ	SZ384	11/5/12	6.55	6.58	6.41	6.47	1215500	6.47	20	深华发Ａ	SZ385	11/2/12	6.41	6.8	6.38	6.6	2240600	6.6	20	深华发Ａ	SZ386	11/1/12	6.2	6.46	6.15	6.43	1448200	6.43	20	深华发Ａ	SZ387	10/31/12	6.29	6.3	6.1	6.2	991800	6.2	20	深华发Ａ	SZ388	10/30/12	6.18	6.3	6.16	6.29	486300	6.29	20	深华发Ａ	SZ389	10/29/12	6.2	6.31	6.1	6.16	780000	6.16	20	深华发Ａ	SZ390	10/26/12	6.42	6.51	6.18	6.28	656100	6.28	20	深华发Ａ	SZ391	10/25/12	6.41	6.52	6.41	6.46	697900	6.46	20	深华发Ａ	SZ392	10/24/12	6.45	6.49	6.35	6.46	670100	6.46	20	深华发Ａ	SZ393	10/23/12	6.52	6.59	6.42	6.45	919800	6.45	20	深华发Ａ	SZ394	10/22/12	6.32	6.56	6.31	6.54	1172700	6.54	20	深华发Ａ	SZ395	10/19/12	6.41	6.56	6.41	6.46	865100	6.46	20	深华发Ａ	SZ396	10/18/12	6.29	6.48	6.29	6.44	1064100	6.44	20	深华发Ａ	SZ397	10/17/12	6.26	6.32	6.23	6.3	652000	6.3	20	深华发Ａ	SZ398	10/16/12	6.33	6.37	6.22	6.28	554100	6.28	20	深华发Ａ	SZ399	10/15/12	6.37	6.37	6.21	6.29	681300	6.29	20	深华发Ａ	SZ400	10/12/12	6.43	6.48	6.28	6.34	754300	6.34	20	深华发Ａ	SZ401	10/11/12	6.56	6.58	6.36	6.37	815100	6.37	20	深华发Ａ	SZ402	10/10/12	6.42	6.63	6.42	6.57	1065600	6.57	20	深华发Ａ	SZ403	10/9/12	6.31	6.49	6.31	6.46	738800	6.46	20	深华发Ａ	SZ404	10/8/12	6.3	6.39	6.28	6.31	453000	6.31	20	深华发Ａ	SZ405	10/5/12	6.3	6.3	6.3	6.3	0	6.3	20	深华发Ａ	SZ406	10/4/12	6.3	6.3	6.3	6.3	0	6.3	20	深华发Ａ	SZ407	10/3/12	6.3	6.3	6.3	6.3	0	6.3	20	深华发Ａ	SZ408	10/2/12	6.3	6.3	6.3	6.3	0	6.3	20	深华发Ａ	SZ409	10/1/12	6.3	6.3	6.3	6.3	0	6.3	20	深华发Ａ	SZ410	9/28/12	6.21	6.33	6.15	6.3	597900	6.3	20	深华发Ａ	SZ411	9/27/12	6.08	6.27	6.05	6.2	583100	6.2	20	深华发Ａ	SZ412	9/26/12	6.2	6.25	6.06	6.06	461700	6.06	20	深华发Ａ	SZ413	9/25/12	6.27	6.33	6.19	6.2	439200	6.2	20	深华发Ａ	SZ414	9/24/12	6.21	6.31	6.02	6.29	547600	6.29	20	深华发Ａ	SZ415	9/21/12	6.26	6.37	6.2	6.22	691000	6.22	20	深华发Ａ	SZ416	9/20/12	6.54	6.62	6.21	6.33	1088300	6.33	20	深华发Ａ	SZ417	9/19/12	6.43	6.63	6.43	6.55	1005200	6.55	20	深华发Ａ	SZ418	9/18/12	6.46	6.55	6.35	6.44	1263200	6.44	20	深华发Ａ	SZ419	9/17/12	6.65	6.74	6.38	6.38	1070600	6.38	20	深华发Ａ	SZ420	9/14/12	6.64	6.8	6.56	6.65	1692600	6.65	20	深华发Ａ	SZ421	9/13/12	6.88	6.9	6.61	6.64	2705100	6.64	20	深华发Ａ	SZ422	9/12/12	6.82	7.16	6.73	6.96	4045600	6.96	20	深华发Ａ	SZ423	9/11/12	6.66	6.79	6.56	6.79	3010600	6.79	20	深华发Ａ	SZ424	9/10/12	7	7	6.56	6.69	2420500	6.69	20	深华发Ａ	SZ425	9/7/12	6.35	6.62	6.35	6.52	2227800	6.52	20	深华发Ａ	SZ426	9/6/12	6.24	6.46	6.24	6.38	1253400	6.38	20	深华发Ａ	SZ427	9/5/12	6.13	6.3	6.13	6.27	1043600	6.27	20	深华发Ａ	SZ428	9/4/12	6.26	6.27	6.13	6.14	1077400	6.14	20	深华发Ａ	SZ429	9/3/12	6.14	6.28	6.09	6.23	738700	6.23	20	深华发Ａ	SZ430	8/31/12	6.15	6.16	6.05	6.14	621300	6.14	20	深华发Ａ	SZ431	8/30/12	6.22	6.29	5.94	6.1	1106000	6.1	20	深华发Ａ	SZ432	8/29/12	6.27	6.35	6.18	6.25	979700	6.25	20	深华发Ａ	SZ433	8/28/12	6.5	6.5	6.13	6.3	2600500	6.3	20	深华发Ａ	SZ434	8/27/12	6.44	6.7	6.42	6.55	3258900	6.55	20	深华发Ａ	SZ435	8/24/12	6.43	6.72	6.43	6.55	2626800	6.55	20	深华发Ａ	SZ436	8/23/12	6.56	6.72	6.48	6.57	1642900	6.57	20	深华发Ａ	SZ437	8/22/12	6.45	6.6	6.38	6.45	1384400	6.45	20	深华发Ａ	SZ438	8/21/12	6.32	6.58	6.32	6.48	1524200	6.48	20	深华发Ａ	SZ439	8/20/12	6.3	6.37	6.21	6.36	650100	6.36	20	深华发Ａ	SZ440	8/17/12	6.23	6.36	6.2	6.34	794300	6.34	20	深华发Ａ	SZ441	8/16/12	6.25	6.37	6.23	6.23	625400	6.23	20	深华发Ａ	SZ442	8/15/12	6.41	6.42	6.3	6.34	866800	6.34	20	深华发Ａ	SZ443	8/14/12	6.35	6.43	6.18	6.43	1037100	6.43	20	深华发Ａ	SZ444	8/13/12	6.57	6.57	6.38	6.39	1202500	6.39	20	深华发Ａ	SZ445	8/10/12	6.63	6.7	6.55	6.58	1620200	6.58	20	深华发Ａ	SZ446	8/9/12	6.69	6.98	6.62	6.72	3011400	6.72	20	深华发Ａ	SZ447	8/8/12	6.6	6.7	6.49	6.54	1712800	6.54	20	深华发Ａ	SZ448	8/7/12	6.41	6.75	6.41	6.7	2700000	6.7	20	深华发Ａ	SZ449	8/6/12	6.29	6.5	6.21	6.44	1351100	6.44	20	深华发Ａ	SZ450	8/3/12	6.11	6.3	6.11	6.29	1200200	6.29	20	深华发Ａ	SZ451	8/2/12	6.27	6.27	6.05	6.1	661600	6.1	20	深华发Ａ	SZ452	8/1/12	6.05	6.26	6.05	6.22	1271600	6.22	20	深华发Ａ	SZ453	7/31/12	6.13	6.13	5.94	6.08	972600	6.08	20	深华发Ａ	SZ454	7/30/12	6.42	6.42	6.1	6.13	1608700	6.13	20	深华发Ａ	SZ455	7/27/12	6.53	6.66	6.4	6.46	1435300	6.46	20	深华发Ａ	SZ456	7/26/12	6.74	6.9	6.57	6.58	1671700	6.58	20	深华发Ａ	SZ457	7/25/12	6.74	6.82	6.53	6.66	1440700	6.66	20	深华发Ａ	SZ458	7/24/12	6.68	6.86	6.52	6.76	1483700	6.76	20	深华发Ａ	SZ459	7/23/12	6.9	6.9	6.63	6.7	2197000	6.7	20	深华发Ａ	SZ460	7/20/12	6.81	7.24	6.68	7.01	3459400	7.01	20	深华发Ａ	SZ461	7/19/12	6.5	7.07	6.41	6.81	2839600	6.81	20	深华发Ａ	SZ462	7/18/12	6.54	6.54	6.25	6.53	1445600	6.53	20	深华发Ａ	SZ463	7/17/12	6.37	6.67	6.26	6.53	1738800	6.53	20	深华发Ａ	SZ464	7/16/12	7.03	7.03	6.33	6.37	2980200	6.37	20	深华发Ａ	SZ465	7/13/12	7.02	7.1	6.96	7.02	1459400	7.02	20	深华发Ａ	SZ466	7/12/12	6.83	7.08	6.83	7.05	2125600	7.05	20	深华发Ａ	SZ467	7/11/12	7	7.05	6.77	6.82	2490300	6.82	20	深华发Ａ	SZ468	7/10/12	6.9	7.11	6.9	6.98	1998100	6.98	20	深华发Ａ	SZ469	7/9/12	7.3	7.3	7	7	3180400	7	20	深华发Ａ	SZ470	7/6/12	7.22	7.43	7.21	7.34	3218200	7.34	20	深华发Ａ	SZ471	7/5/12	7.54	7.54	7.1	7.16	4789300	7.16	20	深华发Ａ	SZ472	7/4/12	7.38	7.78	7.38	7.66	9048300	7.66	20	深华发Ａ	SZ473	7/3/12	7.15	7.39	7.01	7.3	5658500	7.3	20	深华发Ａ	SZ474	7/2/12	7.08	7.22	7	7.16	4569700	7.16	20	深华发Ａ	SZ475	6/29/12	7.62	7.62	6.89	7.18	8393200	7.18	20	深华发Ａ	SZ476	6/28/12	7.66	7.66	7.66	7.66	0	7.66	20	深华发Ａ	SZ477	6/27/12	7.91	7.95	7.61	7.66	9244700	7.66	20	深华发Ａ	SZ478	6/26/12	8.2	8.58	7.8	8.08	15761700	8.08	20	深华发Ａ	SZ479	6/25/12	7.85	8.67	7.73	8.67	13795400	8.67	20	深华发Ａ	SZ480	6/22/12	7.88	7.88	7.88	7.88	0	7.88	20	深华发Ａ	SZ481	6/21/12	7.55	8.25	7.53	7.88	10299100	7.88	20	深华发Ａ	SZ482	6/20/12	7.68	7.75	7.45	7.57	2918200	7.57	20	深华发Ａ	SZ483	6/19/12	7.53	7.8	7.46	7.68	5682400	7.68	20	深华发Ａ	SZ484	6/18/12	7.35	7.57	7.35	7.54	2378200	7.54	20	深华发Ａ	SZ485	6/15/12	7.51	7.73	7.29	7.42	3800000	7.42	20	深华发Ａ	SZ486	6/14/12	7.25	7.64	7.25	7.5	4355900	7.5	20	深华发Ａ	SZ487	6/13/12	7.22	7.34	7.16	7.33	2190000	7.33	20	深华发Ａ	SZ488	6/12/12	7.3	7.3	7.13	7.19	2834800	7.19	20	深华发Ａ	SZ489	6/11/12	7.33	7.48	7.14	7.35	3440900	7.35	20	深华发Ａ	SZ490	6/8/12	7.58	7.77	7.4	7.48	4560200	7.48	20	深华发Ａ	SZ491	6/7/12	7.36	7.79	7.31	7.46	5027300	7.46	20	深华发Ａ	SZ492	6/6/12	7.4	7.55	7.19	7.3	2736200	7.3	20	深华发Ａ	SZ493	6/5/12	7.19	7.39	7.08	7.27	2875000	7.27	20	深华发Ａ	SZ494	6/4/12	7.4	7.48	7.1	7.16	4297200	7.16	20	深华发Ａ	SZ495	6/1/12	7.71	7.85	7.55	7.58	4379300	7.58	20	深华发Ａ	SZ496	5/31/12	7.71	8.17	7.7	7.79	7105900	7.79	20	深华发Ａ	SZ497	5/30/12	7.7	7.98	7.67	7.79	6678300	7.79	20	深华发Ａ	SZ498	5/29/12	8.03	8.04	7.7	7.97	10321400	7.97	20	深华发Ａ	SZ499	5/28/12	7.8	8.15	7.61	8.1	12898800	8.1	20	深华发Ａ	SZ500	5/25/12	7.55	8.42	7.55	8.21	19639800	8.21	20	深华发Ａ	SZ501	5/24/12	7.83	8.25	7.54	7.65	14872100	7.65	20	深华发Ａ	SZ502	5/23/12	6.82	7.52	6.82	7.52	4404200	7.52	20	深华发Ａ	SZ503	5/22/12	6.78	6.86	6.76	6.84	839500	6.84	20	深华发Ａ	SZ504	5/21/12	6.76	6.87	6.68	6.73	993300	6.73	20	深华发Ａ	SZ505	5/18/12	7	7.03	6.75	6.76	2157500	6.76	20	深华发Ａ	SZ506	5/17/12	6.8	7.09	6.8	7.07	2274600	7.07	20	深华发Ａ	SZ507	5/16/12	6.91	6.97	6.83	6.84	1337200	6.84	20	深华发Ａ	SZ508	5/15/12	6.98	6.98	6.81	6.91	2068000	6.91	20	深华发Ａ	SZ509	5/14/12	7.12	7.16	7.01	7.02	2352700	7.02	20	深华发Ａ	SZ510	5/11/12	7.2	7.34	7.08	7.08	3179700	7.08	20	深华发Ａ	SZ511	5/10/12	7.12	7.2	7.1	7.2	2151600	7.2	20	深华发Ａ	SZ512	5/9/12	7.16	7.2	7.04	7.12	1725700	7.12	20	深华发Ａ	SZ513	5/8/12	7.08	7.24	7.08	7.22	2954200	7.22	20	深华发Ａ	SZ514	5/7/12	7.1	7.1	6.96	7.09	2104900	7.09	20	深华发Ａ	SZ515	5/4/12	7.19	7.19	6.98	7.13	2694300	7.13	20	深华发Ａ	SZ516	5/3/12	7.17	7.21	7.1	7.19	2225100	7.19	20	深华发Ａ	SZ517	5/2/12	7.14	7.2	7.06	7.15	2952100	7.15	20	深华发Ａ	SZ518	5/1/12	7.06	7.06	7.06	7.06	0	7.06	20	深华发Ａ	SZ519	4/30/12	7.06	7.06	7.06	7.06	0	7.06	20	深华发Ａ	SZ520	4/27/12	7.22	7.28	7.03	7.06	3972800	7.06	20	深华发Ａ	SZ521	4/26/12	7.57	7.93	7.36	7.39	7069500	7.39	20	深华发Ａ	SZ522	4/25/12	7.42	7.98	7.33	7.64	12138700	7.64	20	深华发Ａ	SZ523	4/24/12	7.11	7.63	6.9	7.56	8244300	7.56	20	深华发Ａ	SZ524	4/23/12	7.44	7.47	7.1	7.19	7674000	7.19	20	深华发Ａ	SZ525	4/20/12	7.44	7.76	7.4	7.52	8665900	7.52	20	深华发Ａ	SZ526	4/19/12	7.48	7.53	7.31	7.51	6201900	7.51	20	深华发Ａ	SZ527	4/18/12	7.3	7.83	7.3	7.63	10499700	7.63	20	深华发Ａ	SZ528	4/17/12	7.82	8	7.56	7.56	9849500	7.56	20	深华发Ａ	SZ529	4/16/12	7.88	8.61	7.66	8.4	23572900	8.4	20	深华发Ａ	SZ530	4/13/12	7.7	7.83	7.4	7.83	14584700	7.83	20	深华发Ａ	SZ531	4/12/12	6.48	7.12	6.36	7.12	6869500	7.12	20	深华发Ａ	SZ532	4/11/12	6.24	6.62	6.15	6.47	2253300	6.47	20	深华发Ａ	SZ533	4/10/12	6.16	6.49	6.12	6.34	1713300	6.34	20	深华发Ａ	SZ534	4/9/12	6.19	6.19	6.01	6.12	563800	6.12	20	深华发Ａ	SZ535	4/6/12	6.04	6.22	6.02	6.19	614000	6.19	20	深华发Ａ	SZ536	4/5/12	5.86	6.14	5.86	6.05	590800	6.05	20	深华发Ａ	SZ537	4/4/12	5.86	5.86	5.86	5.86	0	5.86	20	深华发Ａ	SZ538	4/3/12	5.86	5.86	5.86	5.86	0	5.86	20	深华发Ａ	SZ539	4/2/12	5.86	5.86	5.86	5.86	0	5.86	20	深华发Ａ	SZ540	3/30/12	5.88	5.94	5.81	5.86	544000	5.86	20	深华发Ａ	SZ541	3/29/12	5.9	6.03	5.85	5.85	826600	5.85	20	深华发Ａ	SZ542	3/28/12	6.37	6.43	6.01	6.03	821800	6.03	20	深华发Ａ	SZ543	3/27/12	6.35	6.44	6.35	6.42	637200	6.42	20	深华发Ａ	SZ544	3/26/12	6.32	6.36	6.27	6.35	506400	6.35	20	深华发Ａ	SZ545	3/23/12	6.45	6.45	6.25	6.28	713900	6.28	20	深华发Ａ	SZ546	3/22/12	6.45	6.49	6.36	6.45	730900	6.45	20	深华发Ａ	SZ547	3/21/12	6.55	6.57	6.35	6.48	1100900	6.48	20	深华发Ａ	SZ548	3/20/12	6.44	6.61	6.32	6.53	2166500	6.53	20	深华发Ａ	SZ549	3/19/12	6.32	6.44	6.27	6.44	1087400	6.44	20	深华发Ａ	SZ550	3/16/12	6.15	6.35	6.15	6.34	1540000	6.34	20	深华发Ａ	SZ551	3/15/12	6.45	6.53	6.05	6.19	2444400	6.19	20	深华发Ａ	SZ552	3/14/12	7.01	7.02	6.35	6.44	3695600	6.44	20	深华发Ａ	SZ553	3/13/12	6.81	7.01	6.76	7	3548100	7	20	深华发Ａ	SZ554	3/12/12	6.76	6.87	6.74	6.81	1711700	6.81	20	深华发Ａ	SZ555	3/9/12	6.79	6.83	6.73	6.81	2052400	6.81	20	深华发Ａ	SZ556	3/8/12	6.76	6.88	6.75	6.8	2495900	6.8	20	深华发Ａ	SZ557	3/7/12	6.76	6.85	6.7	6.77	3710500	6.77	20	深华发Ａ	SZ558	3/6/12	7.11	7.2	6.91	6.91	5878800	6.91	20	深华发Ａ	SZ559	3/5/12	6.95	7.37	6.8	7.26	9184200	7.26	20	深华发Ａ	SZ560	3/2/12	7.09	7.09	6.78	6.97	9804900	6.97	20	深华发Ａ	SZ561	3/1/12	6.19	6.82	6.19	6.82	5504800	6.82	20	深华发Ａ	SZ562	2/29/12	6.27	6.39	6.18	6.2	665200	6.2	20	深华发Ａ	SZ563	2/28/12	6.3	6.33	6.2	6.27	1043700	6.27	20	深华发Ａ	SZ564	2/27/12	6.42	6.58	6.34	6.34	1832800	6.34	20	深华发Ａ	SZ565	2/24/12	6.29	6.55	6.25	6.36	2073100	6.36	20	深华发Ａ	SZ566	2/23/12	6.3	6.35	6.22	6.3	1168400	6.3	20	深华发Ａ	SZ567	2/22/12	6.15	6.39	6.15	6.35	1933200	6.35	20	深华发Ａ	SZ568	2/21/12	6.13	6.21	6.03	6.2	785300	6.2	20	深华发Ａ	SZ569	2/20/12	6.19	6.31	6.17	6.18	1370400	6.18	20	深华发Ａ	SZ570	2/17/12	6.25	6.29	6	6.17	894500	6.17	20	深华发Ａ	SZ571	2/16/12	6.22	6.31	6.15	6.22	1326700	6.22	20	深华发Ａ	SZ572	2/15/12	6.08	6.32	6.06	6.29	2192000	6.29	20	深华发Ａ	SZ573	2/14/12	6.12	6.23	6.04	6.09	1243300	6.09	20	深华发Ａ	SZ574	2/13/12	5.9	6.2	5.84	6.14	2023200	6.14	20	深华发Ａ	SZ575	2/10/12	5.96	6.07	5.92	5.97	1244100	5.97	20	深华发Ａ	SZ576	2/9/12	5.93	6.05	5.89	5.98	1661900	5.98	20	深华发Ａ	SZ577	2/8/12	5.82	5.97	5.81	5.96	1589900	5.96	20	深华发Ａ	SZ578	2/7/12	5.94	5.99	5.77	5.86	1755500	5.86	20	深华发Ａ	SZ579	2/6/12	6.32	6.32	5.93	6.08	3959100	6.08	20	深华发Ａ	SZ580	2/3/12	6.08	6.08	6.08	6.08	2347300	6.08	20	深华发Ａ	SZ581	2/2/12	5.47	5.54	5.42	5.53	455700	5.53	20	深华发Ａ	SZ582	2/1/12	5.44	5.55	5.42	5.44	519100	5.44	20	深华发Ａ	SZ583	1/31/12	5.45	5.48	5.36	5.47	355200	5.47	20	深华发Ａ	SZ584	1/30/12	5.54	5.56	5.41	5.46	407000	5.46	20	深华发Ａ	SZ585	1/27/12	5.51	5.51	5.51	5.51	0	5.51	20	深华发Ａ	SZ586	1/26/12	5.51	5.51	5.51	5.51	0	5.51	20	深华发Ａ	SZ587	1/25/12	5.51	5.51	5.51	5.51	0	5.51	20	深华发Ａ	SZ588	1/24/12	5.51	5.51	5.51	5.51	0	5.51	20	深华发Ａ	SZ589	1/23/12	5.51	5.51	5.51	5.51	0	5.51	20	深华发Ａ	SZ590	1/20/12	5.54	5.56	5.47	5.51	432300	5.51	20	深华发Ａ	SZ591	1/19/12	5.45	5.55	5.35	5.46	406500	5.46	20	深华发Ａ	SZ592	1/18/12	5.49	5.58	5.38	5.41	727400	5.41	20	深华发Ａ	SZ593	1/17/12	5.21	5.58	5.13	5.54	1019900	5.54	20	深华发Ａ	SZ594	1/16/12	5.33	5.33	5.33	5.33	0	5.33	20	深华发Ａ	SZ595	1/13/12	5.52	5.52	5.27	5.33	1052200	5.33	20	深华发Ａ	SZ596	1/12/12	5.53	5.89	5.47	5.51	1503900	5.51	20	深华发Ａ	SZ597	1/11/12	5.48	5.58	5.4	5.5	1030300	5.5	20	深华发Ａ	SZ598	1/10/12	5.21	5.68	5.18	5.51	1437000	5.51	20	深华发Ａ	SZ599	1/9/12	5.18	5.23	4.98	5.21	997700	5.21	20	深华发Ａ	SZ600	1/6/12	5.01	5.06	4.79	4.97	800200	4.97	20	深华发Ａ	SZ601	1/5/12	5.25	5.45	5	5.08	777800	5.08	20	深华发Ａ	SZ602	1/4/12	5.3	5.35	5.15	5.16	418900	5.16	20	深华发Ａ	SZ603	1/3/12	5.27	5.3	5.2	5.27	375400	5.27	20	深华发Ａ	SZ604	1/2/12	5.27	5.3	5.2	5.27	375400	5.27	20	深华发Ａ	SZ605	12/30/11	5.27	5.3	5.2	5.27	375400	5.27	20	深华发Ａ	SZ606	12/29/11	5.18	5.26	5.16	5.2	293200	5.2	20	深华发Ａ	SZ607	12/28/11	5.13	5.28	5.03	5.22	300100	5.22	20	深华发Ａ	SZ608	12/27/11	5.34	5.35	5.2	5.23	295100	5.23	20	深华发Ａ	SZ609	12/26/11	5.4	5.45	5.3	5.34	368400	5.34	20	深华发Ａ	SZ610	12/23/11	5.31	5.46	5.29	5.36	438000	5.36	20	深华发Ａ	SZ611	12/22/11	5.4	5.49	5.1	5.35	560200	5.35	20	深华发Ａ	SZ612	12/21/11	5.72	5.79	5.46	5.5	510400	5.5	20	深华发Ａ	SZ613	12/20/11	5.73	5.82	5.65	5.7	539100	5.7	20	深华发Ａ	SZ614	12/19/11	5.75	5.75	5.5	5.72	395000	5.72	20	深华发Ａ	SZ615	12/16/11	5.52	5.75	5.46	5.75	473900	5.75	20	深华发Ａ	SZ616	12/15/11	5.93	5.93	5.6	5.6	829100	5.6	20	深华发Ａ	SZ617	12/14/11	5.8	5.86	5.51	5.63	781900	5.63	20	深华发Ａ	SZ618	12/13/11	6.1	6.1	5.78	5.82	499800	5.82	20	深华发Ａ	SZ619	12/12/11	6.16	6.24	6.08	6.09	296300	6.09	20	深华发Ａ	SZ620	12/9/11	6.26	6.28	6.14	6.2	334000	6.2	20	深华发Ａ	SZ621	12/8/11	6.26	6.33	6.06	6.25	678400	6.25	20	深华发Ａ	SZ622	12/7/11	6.24	6.33	6.15	6.3	673200	6.3	20	深华发Ａ	SZ623	12/6/11	6.4	6.46	6.1	6.27	1242400	6.27	20	深华发Ａ	SZ624	12/5/11	6.56	6.56	6.36	6.4	829900	6.4	20	深华发Ａ	SZ625	12/2/11	6.82	6.88	6.35	6.69	1038200	6.69	20	深华发Ａ	SZ626	12/1/11	6.93	7.19	6.85	6.87	1463100	6.87	20	深华发Ａ	SZ627	11/30/11	7.18	7.35	6.71	6.8	2531100	6.8	20	深华发Ａ	SZ628	11/29/11	7.06	7.2	6.87	7.2	1818200	7.2	20	深华发Ａ	SZ629	11/28/11	6.94	7.12	6.93	7.01	1630700	7.01	20	深华发Ａ	SZ630	11/25/11	6.78	6.98	6.78	6.98	1237800	6.98	20	深华发Ａ	SZ631	11/24/11	6.98	6.98	6.72	6.85	1424000	6.85	20	深华发Ａ	SZ632	11/23/11	7.07	7.16	6.98	7.01	1327100	7.01	20	深华发Ａ	SZ633	11/22/11	7.08	7.2	6.95	7.13	1209300	7.13	20	深华发Ａ	SZ634	11/21/11	7.06	7.21	7.01	7.18	1406200	7.18	20	深华发Ａ	SZ635	11/18/11	7.31	7.4	7.02	7.06	2169200	7.06	20	深华发Ａ	SZ636	11/17/11	7.57	7.66	7.22	7.49	4370500	7.49	20	深华发Ａ	SZ637	11/16/11	7.55	7.83	7.5	7.57	7101400	7.57	20	深华发Ａ	SZ638	11/15/11	7.17	7.67	7.13	7.67	4191300	7.67	20	深华发Ａ	SZ639	11/11/11	6.97	7.1	6.96	6.97	605800	6.97	20	深华发Ａ	SZ640	11/10/11	7	7.05	6.95	6.98	622600	6.98	20	深华发Ａ	SZ641	11/9/11	6.97	7.06	6.93	7.06	708900	7.06	20	深华发Ａ	SZ642	11/8/11	7.05	7.1	6.92	6.92	706200	6.92	20	深华发Ａ	SZ643	11/7/11	7.03	7.11	7.02	7.05	560700	7.05	20	深华发Ａ	SZ644	11/4/11	7.1	7.11	7.01	7.09	812400	7.09	20	深华发Ａ	SZ645	11/3/11	6.93	7.25	6.93	7.08	2150500	7.08	20	深华发Ａ	SZ646	11/2/11	6.72	6.98	6.72	6.93	1053900	6.93	20	深华发Ａ	SZ647	11/1/11	6.78	6.88	6.71	6.87	705300	6.87	20	深华发Ａ	SZ648	10/31/11	6.78	6.92	6.71	6.8	1042700	6.8	20	深华发Ａ	SZ649	10/28/11	6.77	6.8	6.68	6.78	889000	6.78	20	深华发Ａ	SZ650	10/27/11	6.62	6.74	6.62	6.62	599800	6.62	20	深华发Ａ	SZ651	10/26/11	6.56	6.74	6.51	6.65	943200	6.65	20	深华发Ａ	SZ652	10/25/11	6.45	6.64	6.42	6.6	657000	6.6	20	深华发Ａ	SZ653	10/24/11	6.4	6.47	6.27	6.46	458800	6.46	20	深华发Ａ	SZ654	10/21/11	6.43	6.47	6.26	6.33	377700	6.33	20	深华发Ａ	SZ655	10/20/11	6.74	6.76	6.33	6.42	698100	6.42	20	深华发Ａ	SZ656	10/19/11	6.71	6.82	6.71	6.74	392100	6.74	20	深华发Ａ	SZ657	10/18/11	6.9	6.9	6.72	6.73	539000	6.73	20	深华发Ａ	SZ658	10/17/11	6.94	6.98	6.75	6.95	297400	6.95	20	深华发Ａ	SZ659	10/14/11	7	7.05	6.86	6.94	444100	6.94	20	深华发Ａ	SZ660	10/13/11	6.96	7.04	6.9	7.02	634800	7.02	20	深华发Ａ	SZ661	10/12/11	6.71	6.96	6.68	6.93	585200	6.93	20	深华发Ａ	SZ662	10/11/11	6.86	6.95	6.7	6.79	485900	6.79	20	深华发Ａ	SZ663	10/10/11	6.71	6.8	6.7	6.74	334700	6.74	20	深华发Ａ	SZ664	9/30/11	6.8	6.83	6.68	6.7	333600	6.7	20	深华发Ａ	SZ665	9/29/11	7	7	6.68	6.75	788800	6.75	20	深华发Ａ	SZ666	9/28/11	7.25	7.29	6.99	7.03	530700	7.03	20	深华发Ａ	SZ667	9/27/11	7.28	7.35	7.13	7.24	363200	7.24	20	深华发Ａ	SZ668	9/26/11	7.39	7.48	7.16	7.23	809200	7.23	20	深华发Ａ	SZ669	9/23/11	7.4	7.46	7.3	7.45	445900	7.45	20	深华发Ａ	SZ670	9/22/11	7.61	7.62	7.38	7.42	610600	7.42	20	深华发Ａ	SZ671	9/21/11	7.47	7.69	7.44	7.65	583700	7.65	20	深华发Ａ	SZ672	9/20/11	7.4	7.5	7.35	7.47	323600	7.47	20	深华发Ａ	SZ673	9/19/11	7.52	7.58	7.34	7.34	465100	7.34	20	深华发Ａ	SZ674	9/16/11	7.59	7.67	7.53	7.58	335900	7.58	20	深华发Ａ	SZ675	9/15/11	7.52	7.6	7.52	7.55	380500	7.55	20	深华发Ａ	SZ676	9/14/11	7.49	7.52	7.36	7.52	362500	7.52	20	深华发Ａ	SZ677	9/13/11	7.47	7.47	7.27	7.41	217200	7.41	20	深华发Ａ	SZ678	9/9/11	7.47	7.58	7.45	7.5	302000	7.5	20	深华发Ａ	SZ679	9/8/11	7.59	7.65	7.51	7.52	431800	7.52	20	深华发Ａ	SZ680	9/7/11	7.45	7.62	7.45	7.59	441100	7.59	20	深华发Ａ	SZ681	9/6/11	7.4	7.5	7.35	7.45	365400	7.45	20	深华发Ａ	SZ682	9/5/11	7.64	7.64	7.46	7.46	437800	7.46	20	深华发Ａ	SZ683	9/2/11	7.68	7.79	7.57	7.68	679800	7.68	20	深华发Ａ	SZ684	9/1/11	7.75	7.88	7.75	7.83	771500	7.83	20	深华发Ａ	SZ685	8/31/11	7.85	7.88	7.65	7.78	655200	7.78	20	深华发Ａ	SZ686	8/30/11	7.87	7.97	7.84	7.84	1450900	7.84	20	深华发Ａ	SZ687	8/29/11	7.83	7.93	7.8	7.84	844000	7.84	20	深华发Ａ	SZ688	8/26/11	7.78	7.85	7.77	7.82	606500	7.82	20	深华发Ａ	SZ689	8/25/11	7.65	7.85	7.65	7.83	996300	7.83	20	深华发Ａ	SZ690	8/24/11	7.73	7.78	7.65	7.68	898500	7.68	20	深华发Ａ	SZ691	8/23/11	7.53	7.7	7.53	7.7	571000	7.7	20	深华发Ａ	SZ692	8/22/11	7.54	7.64	7.5	7.51	468900	7.51	20	深华发Ａ	SZ693	8/19/11	7.51	7.58	7.41	7.55	532800	7.55	20	深华发Ａ	SZ694	8/18/11	7.77	7.87	7.51	7.64	584200	7.64	20	深华发Ａ	SZ695	8/17/11	7.8	7.89	7.75	7.79	716600	7.79	20	深华发Ａ	SZ696	8/16/11	7.81	7.9	7.78	7.83	830800	7.83	20	深华发Ａ	SZ697	8/15/11	7.75	7.88	7.71	7.85	1019500	7.85	20	深华发Ａ	SZ698	8/12/11	7.73	7.89	7.7	7.77	1724700	7.77	20	深华发Ａ	SZ699	8/11/11	7.41	7.75	7.31	7.69	1109000	7.69	20	深华发Ａ	SZ700	8/10/11	7.52	7.76	7.49	7.5	1028300	7.5	20	深华发Ａ	SZ701	8/9/11	7.31	7.6	7.23	7.43	1014900	7.43	20	深华发Ａ	SZ702	8/8/11	8.14	8.14	7.36	7.64	1508300	7.64	20	深华发Ａ	SZ703	8/5/11	8.01	8.25	7.96	8.17	1433700	8.17	20	深华发Ａ	SZ704	8/4/11	8.18	8.29	8.16	8.27	1056100	8.27	20	深华发Ａ	SZ705	8/3/11	8.01	8.22	8.01	8.18	489900	8.18	20	深华发Ａ	SZ706	8/2/11	8.23	8.23	8.01	8.15	788500	8.15	20	深华发Ａ	SZ707	8/1/11	8.22	8.27	8.12	8.25	547200	8.25	20	深华发Ａ	SZ708	7/29/11	8.23	8.29	8.16	8.22	508100	8.22	20	深华发Ａ	SZ709	7/28/11	8.27	8.35	8.16	8.27	846900	8.27	20	深华发Ａ	SZ710	7/27/11	8.15	8.36	8.08	8.3	687100	8.3	20	深华发Ａ	SZ711	7/26/11	8.21	8.21	8.08	8.17	651800	8.17	20	深华发Ａ	SZ712	7/25/11	8.57	8.57	8.1	8.12	1432000	8.12	20	深华发Ａ	SZ713	7/22/11	8.6	8.65	8.45	8.6	1130600	8.6	20	深华发Ａ	SZ714	7/21/11	8.74	8.74	8.51	8.55	1019500	8.55	20	深华发Ａ	SZ715	7/20/11	8.72	8.75	8.52	8.65	813500	8.65	20	深华发Ａ	SZ716	7/19/11	8.73	8.79	8.61	8.66	958900	8.66	20	深华发Ａ	SZ717	7/18/11	8.75	8.84	8.73	8.79	1408400	8.79	20	深华发Ａ	SZ718	7/15/11	8.6	8.78	8.6	8.77	2096600	8.77	20	深华发Ａ	SZ719	7/14/11	8.61	8.66	8.56	8.65	1162400	8.65	20	深华发Ａ	SZ720	7/13/11	8.38	8.65	8.38	8.61	1244000	8.61	20	深华发Ａ	SZ721	7/12/11	8.53	8.53	8.39	8.4	1601200	8.4	20	深华发Ａ	SZ722	7/11/11	8.5	8.65	8.46	8.6	1041200	8.6	20	深华发Ａ	SZ723	7/8/11	8.45	8.54	8.45	8.53	738000	8.53	20	深华发Ａ	SZ724	7/7/11	8.46	8.6	8.43	8.48	1065000	8.48	20	深华发Ａ	SZ725	7/6/11	8.5	8.53	8.38	8.48	1167000	8.48	20	深华发Ａ	SZ726	7/5/11	8.44	8.73	8.41	8.53	1562300	8.53	20	深华发Ａ	SZ727	7/4/11	8.28	8.45	8.28	8.44	1258000	8.44	20	深华发Ａ	SZ728	7/1/11	8.32	8.39	8.28	8.29	813800	8.29	20	深华发Ａ	SZ729	6/29/11	8.35	8.37	8.21	8.21	605700	8.21	20	深华发Ａ	SZ730	6/28/11	8.35	8.36	8.25	8.35	889700	8.35	20	深华发Ａ	SZ731	6/27/11	8.28	8.38	8.24	8.35	1190200	8.35	20	深华发Ａ	SZ732	6/24/11	8.11	8.35	8.1	8.28	1516500	8.28	20	深华发Ａ	SZ733	6/23/11	7.92	8.14	7.8	8.09	834900	8.09	20	深华发Ａ	SZ734	6/22/11	7.97	8.12	7.93	7.96	479700	7.96	20	深华发Ａ	SZ735	6/21/11	7.94	7.94	7.82	7.94	414700	7.94	20	深华发Ａ	SZ736	6/20/11	8	8.07	7.75	7.79	680800	7.79	20	深华发Ａ	SZ737	6/17/11	8.07	8.19	8	8	510800	8	20	深华发Ａ	SZ738	6/16/11	8.25	8.28	8.06	8.07	810700	8.07	20	深华发Ａ	SZ739	6/15/11	8.39	8.44	8.3	8.33	645700	8.33	20	深华发Ａ	SZ740	6/14/11	8.19	8.39	8.19	8.36	815100	8.36	20	深华发Ａ	SZ741	6/13/11	8.23	8.26	8.08	8.19	916600	8.19	20	深华发Ａ	SZ742	6/10/11	8.26	8.31	8.09	8.26	893200	8.26	20	深华发Ａ	SZ743	6/9/11	8.42	8.53	8.23	8.26	1108000	8.26	20	深华发Ａ	SZ744	6/8/11	8.48	8.51	8.28	8.47	870800	8.47	20	深华发Ａ	SZ745	6/7/11	8.36	8.58	8.36	8.48	840200	8.48	20	深华发Ａ	SZ746	6/3/11	8.28	8.45	8.25	8.39	765100	8.39	20	深华发Ａ	SZ747	6/2/11	8.24	8.31	8.09	8.28	865100	8.28	20	深华发Ａ	SZ748	6/1/11	8.29	8.42	8.21	8.36	832900	8.36	20	深华发Ａ	SZ749	5/31/11	8.1	8.28	8	8.27	822400	8.27	20	深华发Ａ	SZ750	5/30/11	8.18	8.33	8.03	8.03	1071200	8.03	20	深华发Ａ	SZ751	5/27/11	8.6	8.64	8.25	8.28	1757700	8.28	20	深华发Ａ	SZ752	5/26/11	8.57	8.74	8.54	8.6	1602000	8.6	20	深华发Ａ	SZ753	5/25/11	8.87	8.87	8.51	8.55	2039900	8.55	20	深华发Ａ	SZ754	5/24/11	8.75	8.94	8.7	8.82	1480100	8.82	20	深华发Ａ	SZ755	5/23/11	9.3	9.47	8.77	8.81	3439600	8.81	20	深华发Ａ	SZ756	5/20/11	9.51	9.66	9.34	9.38	2713900	9.38	20	深华发Ａ	SZ757	5/19/11	9.18	9.75	9.18	9.59	5069400	9.59	20	深华发Ａ	SZ758	5/18/11	9.1	9.43	9.01	9.36	2212200	9.36	20	深华发Ａ	SZ759	5/17/11	9.39	9.85	9.27	9.28	4625800	9.28	20	深华发Ａ	SZ760	5/16/11	9.06	9.56	8.97	9.46	5872600	9.46	20	深华发Ａ	SZ761	5/13/11	9	9.25	8.93	9.1	2413100	9.1	20	深华发Ａ	SZ762	5/12/11	8.79	9.29	8.73	8.97	4662400	8.97	20	深华发Ａ	SZ763	5/11/11	8.82	9.05	8.7	8.81	2677800	8.81	20	深华发Ａ	SZ764	5/10/11	8.79	8.85	8.67	8.82	1806500	8.82	20	深华发Ａ	SZ765	5/9/11	8.69	8.79	8.65	8.75	1908500	8.75	20	深华发Ａ	SZ766	5/6/11	8.6	8.71	8.52	8.67	1947700	8.67	20	深华发Ａ	SZ767	5/5/11	8.51	8.72	8.49	8.66	2537800	8.66	20	深华发Ａ	SZ768	5/4/11	8.81	8.82	8.5	8.53	3851000	8.53	20	深华发Ａ	SZ769	5/3/11	8.8	9.03	8.62	8.91	4078400	8.91	20	深华发Ａ	SZ770	4/29/11	9.15	9.23	8.51	8.9	5820300	8.9	20	深华发Ａ	SZ771	4/28/11	10.28	10.5	9.44	9.44	8888500	9.44	20	深华发Ａ	SZ772	4/27/11	10.2	10.94	10.13	10.49	12454300	10.49	20	深华发Ａ	SZ773	4/26/11	9.89	10.96	9.83	10.44	19022800	10.44	20	深华发Ａ	SZ774	4/25/11	9.57	10.25	9.3	10.09	7413700	10.09	20	深华发Ａ	SZ775	4/22/11	9.76	9.82	9.6	9.62	1557000	9.62	20	深华发Ａ	SZ776	4/21/11	9.63	9.83	9.61	9.75	1977100	9.75	20	深华发Ａ	SZ777	4/20/11	9.53	9.7	9.52	9.59	1246800	9.59	20	深华发Ａ	SZ778	4/19/11	9.86	9.86	9.52	9.58	2113600	9.58	20	深华发Ａ	SZ779	4/18/11	9.75	9.91	9.69	9.85	2485900	9.85	20	深华发Ａ	SZ780	4/15/11	9.47	9.99	9.47	9.76	3927200	9.76	20	深华发Ａ	SZ781	4/14/11	9.7	9.7	9.5	9.55	2619900	9.55	20	深华发Ａ	SZ782	4/13/11	9.58	9.78	9.48	9.71	2140500	9.71	20	深华发Ａ	SZ783	4/12/11	9.47	9.66	9.44	9.57	1787900	9.57	20	深华发Ａ	SZ784	4/11/11	9.64	9.64	9.41	9.45	1809400	9.45	20	深华发Ａ	SZ785	4/8/11	9.55	9.65	9.46	9.64	1652300	9.64	20	深华发Ａ	SZ786	4/7/11	9.48	9.57	9.38	9.55	1720800	9.55	20	深华发Ａ	SZ787	4/6/11	9.47	9.49	9.34	9.49	1360500	9.49	20	深华发Ａ	SZ788	4/1/11	9.47	9.57	9.33	9.5	2210400	9.5	20	深华发Ａ	SZ789	3/31/11	9.84	10.1	9.49	9.53	4137200	9.53	20	深华发Ａ	SZ790	3/30/11	9.44	9.85	9.37	9.81	3531500	9.81	20	深华发Ａ	SZ791	3/29/11	9.7	9.7	9.31	9.51	4193600	9.51	20	深华发Ａ	SZ792	3/25/11	10.2	10.42	9.85	9.92	9154500	9.92	20	深华发Ａ	SZ793	3/24/11	9.64	9.91	9.5	9.89	4499900	9.89	20	深华发Ａ	SZ794	3/23/11	9.7	9.8	9.47	9.68	2398100	9.68	20	深华发Ａ	SZ795	3/22/11	9.3	9.53	9.23	9.52	1842000	9.52	20	深华发Ａ	SZ796	3/21/11	9.41	9.49	9.23	9.3	1433500	9.3	20	深华发Ａ	SZ797	3/18/11	9.29	9.53	9.29	9.42	1873600	9.42	20	深华发Ａ	SZ798	3/17/11	9.62	9.65	9.35	9.4	2358300	9.4	20	深华发Ａ	SZ799	3/16/11	9.63	9.79	9.61	9.76	2411400	9.76	20	深华发Ａ	SZ800	3/15/11	9.89	9.89	9.43	9.64	2381400	9.64	20	深华发Ａ	SZ801	3/14/11	9.65	9.9	9.6	9.84	3807600	9.84	20	深华发Ａ	SZ802	3/11/11	9.55	9.75	9.46	9.53	2356000	9.53	20	深华发Ａ	SZ803	3/10/11	9.61	9.94	9.4	9.65	3297400	9.65	20	深华发Ａ	SZ804	3/9/11	9.72	9.75	9.57	9.65	1515600	9.65	20	深华发Ａ	SZ805	3/8/11	9.61	9.72	9.53	9.72	1716900	9.72	20	深华发Ａ	SZ806	3/7/11	9.6	9.75	9.51	9.65	2115700	9.65	20	深华发Ａ	SZ807	3/4/11	9.59	9.59	9.43	9.56	1986800	9.56	20	深华发Ａ	SZ808	3/3/11	9.36	9.65	9.31	9.54	3214800	9.54	20	深华发Ａ	SZ809	3/2/11	9.31	9.43	9.2	9.37	1259500	9.37	20	深华发Ａ	SZ810	3/1/11	9.44	9.45	9.3	9.41	1586800	9.41	20	深华发Ａ	SZ811	2/28/11	9.3	9.5	9.26	9.41	1733600	9.41	20	深华发Ａ	SZ812	2/25/11	9.26	9.36	9.17	9.31	1465400	9.31	20	深华发Ａ	SZ813	2/24/11	9.13	9.57	9.09	9.33	2628300	9.33	20	深华发Ａ	SZ814	2/23/11	8.95	9.16	8.95	9.16	1057900	9.16	20	深华发Ａ	SZ815	2/22/11	9.26	9.28	8.97	8.99	1701900	8.99	20	深华发Ａ	SZ816	2/21/11	9	9.26	8.95	9.26	1208800	9.26	20	深华发Ａ	SZ817	2/18/11	9.16	9.28	9.06	9.07	1490700	9.07	20	深华发Ａ	SZ818	2/17/11	9.18	9.28	9.06	9.19	1396500	9.19	20	深华发Ａ	SZ819	2/16/11	8.99	9.18	8.98	9.17	1186100	9.17	20	深华发Ａ	SZ820	2/15/11	8.97	9.15	8.97	9	1298600	9	20	深华发Ａ	SZ821	2/14/11	8.91	9.05	8.83	9.02	1294000	9.02	20	深华发Ａ	SZ822	2/11/11	8.78	8.95	8.74	8.9	1238400	8.9	20	深华发Ａ	SZ823	2/10/11	8.52	8.75	8.47	8.74	947600	8.74	20	深华发Ａ	SZ824	2/9/11	8.61	8.69	8.46	8.47	745500	8.47	20	深华发Ａ	SZ825	2/1/11	8.7	8.89	8.63	8.63	849400	8.63	20	深华发Ａ	SZ826	1/28/11	8.48	8.64	8.48	8.6	828600	8.6	20	深华发Ａ	SZ827	1/27/11	8.4	8.59	8.35	8.52	842300	8.52	20	深华发Ａ	SZ828	1/26/11	8.22	8.6	8.22	8.45	672900	8.45	20	深华发Ａ	SZ829	1/25/11	8.43	8.45	8.16	8.22	609500	8.22	20	深华发Ａ	SZ830	1/24/11	8.46	8.52	8.31	8.35	533800	8.35	20	深华发Ａ	SZ831	1/21/11	8.33	8.53	8.3	8.45	916400	8.45	20	深华发Ａ	SZ832	1/20/11	8.74	8.74	8.34	8.34	968600	8.34	20	深华发Ａ	SZ833	1/19/11	8.51	8.77	8.51	8.76	750600	8.76	20	深华发Ａ	SZ834	1/18/11	8.44	8.6	8.36	8.56	717200	8.56	20	深华发Ａ	SZ835	1/17/11	9.02	9.03	8.45	8.45	1456000	8.45	20	深华发Ａ	SZ836	1/14/11	9.35	9.38	9	9.02	1294100	9.02	20	深华发Ａ	SZ837	1/13/11	9.41	9.47	9.33	9.33	772600	9.33	20	深华发Ａ	SZ838	1/12/11	9.37	9.43	9.2	9.35	1021400	9.35	20	深华发Ａ	SZ839	1/11/11	9.4	9.4	9.18	9.31	1418900	9.31	20	深华发Ａ	SZ840	1/10/11	9.65	9.77	9.28	9.41	1899000	9.41	20	深华发Ａ	SZ841	1/7/11	9.54	10.45	9.49	9.81	4014200	9.81	20	深华发Ａ	SZ842	1/6/11	9.5	9.6	9.48	9.55	876300	9.55	20	深华发Ａ	SZ843	1/5/11	9.52	9.57	9.41	9.54	1321300	9.54	20	深华发Ａ	SZ844	1/4/11	9.47	9.55	9.4	9.51	1410900	9.51	20	深华发Ａ	SZ845	12/31/10	9.25	9.46	9.21	9.42	1352500	9.42	20	深华发Ａ	SZ846	12/30/10	9.29	9.37	9.16	9.24	1436600	9.24	20	深华发Ａ	SZ847	12/29/10	9.15	9.3	9.14	9.29	1049100	9.29	20	深华发Ａ	SZ848	12/28/10	9.65	9.67	9.12	9.12	2184700	9.12	20	深华发Ａ	SZ849	12/27/10	10.15	10.34	9.66	9.7	1760400	9.7	20	深华发Ａ	SZ850	12/24/10	10.36	10.45	10.14	10.15	1714400	10.15	20	深华发Ａ	SZ851	12/23/10	10.66	10.66	10.35	10.42	2003500	10.42	20	深华发Ａ	SZ852	12/22/10	10.41	10.67	10.32	10.66	3160800	10.66	20	深华发Ａ	SZ853	12/21/10	10.44	10.52	10.24	10.5	2010300	10.5	20	深华发Ａ	SZ854	12/20/10	10.72	10.76	10.11	10.39	2601500	10.39	20	深华发Ａ	SZ855	12/17/10	10.57	10.68	10.48	10.67	1940300	10.67	20	深华发Ａ	SZ856	12/16/10	10.49	10.85	10.47	10.57	3107900	10.57	20	深华发Ａ	SZ857	12/15/10	10.6	10.7	10.46	10.5	2995100	10.5	20	深华发Ａ	SZ858	12/14/10	10.49	10.76	10.32	10.63	3733500	10.63	20	深华发Ａ	SZ859	12/13/10	10.17	10.47	10.14	10.4	2774000	10.4	20	深华发Ａ	SZ860	12/10/10	10.05	10.24	9.98	10.18	1831700	10.18	20	深华发Ａ	SZ861	12/9/10	10.43	10.43	10.01	10.13	2708300	10.13	20	深华发Ａ	SZ862	12/8/10	10.39	10.59	10.3	10.45	2529700	10.45	20	深华发Ａ	SZ863	12/7/10	10.13	10.42	10.1	10.38	2395700	10.38	20	深华发Ａ	SZ864	12/6/10	10.61	10.72	10.02	10.3	3531000	10.3	20	深华发Ａ	SZ865	12/3/10	10.68	10.76	10.44	10.74	4163200	10.74	20	深华发Ａ	SZ866	12/2/10	10.37	10.9	10.25	10.76	5343700	10.76	20	深华发Ａ	SZ867	12/1/10	10.18	10.5	10.06	10.25	2627900	10.25	20	深华发Ａ	SZ868	11/30/10	10.88	10.97	9.91	10.17	7394800	10.17	20	深华发Ａ	SZ869	11/29/10	10.8	11.17	10.8	10.96	6561700	10.96	20	深华发Ａ	SZ870	11/26/10	10.8	10.95	10.61	10.84	4243600	10.84	20	深华发Ａ	SZ871	11/25/10	11.22	11.28	10.68	10.82	8863600	10.82	20	深华发Ａ	SZ872	11/24/10	10.73	11.46	10.73	11.2	9772200	11.2	20	深华发Ａ	SZ873	11/23/10	11.5	11.65	10.52	10.91	11226800	10.91	20	深华发Ａ	SZ874	11/22/10	10.38	11.46	10.35	11.46	15703000	11.46	20	深华发Ａ	SZ875	11/19/10	9.85	10.72	9.81	10.42	5743200	10.42	20	深华发Ａ	SZ876	11/18/10	9.75	9.89	9.68	9.8	1560200	9.8	20	深华发Ａ	SZ877	11/17/10	9.66	9.92	9.51	9.61	1862800	9.61	20	深华发Ａ	SZ878	11/16/10	10	10.04	9.58	9.65	3292300	9.65	20	深华发Ａ	SZ879	11/15/10	9.82	10.07	9.77	10.06	2637200	10.06	20	深华发Ａ	SZ880	11/12/10	10.75	10.75	9.72	9.82	5403900	9.82	20	深华发Ａ	SZ881	11/11/10	11.05	11.18	10.71	10.8	6601600	10.8	20	深华发Ａ	SZ882	11/10/10	11.29	11.43	10.96	11.18	6680800	11.18	20	深华发Ａ	SZ883	11/9/10	11	11.36	10.8	11.35	10509200	11.35	20	深华发Ａ	SZ884	11/8/10	10.53	11.05	10.5	10.95	8608900	10.95	20	深华发Ａ	SZ885	11/5/10	10.57	10.63	10.41	10.55	4357900	10.55	20	深华发Ａ	SZ886	11/4/10	10.2	10.58	10.16	10.56	4963000	10.56	20	深华发Ａ	SZ887	11/3/10	10.1	10.32	10.1	10.17	2581700	10.17	20	深华发Ａ	SZ888	11/2/10	10.66	10.79	10.2	10.2	6904800	10.2	20	深华发Ａ	SZ889	11/1/10	10.58	10.58	10.58	10.58	0	10.58	20	深华发Ａ	SZ890	10/29/10	10.25	10.7	10.1	10.58	4479500	10.58	20	深华发Ａ	SZ891	10/28/10	10.25	10.7	10.1	10.7	6213800	10.7	20	深华发Ａ	SZ892	10/27/10	10.46	10.55	10.23	10.3	3710900	10.3	20	深华发Ａ	SZ893	10/26/10	10.33	10.47	10.17	10.44	3684300	10.44	20	深华发Ａ	SZ894	10/25/10	10.25	10.43	10.2	10.32	3301700	10.32	20	深华发Ａ	SZ895	10/22/10	9.98	10.16	9.91	10.13	2437400	10.13	20	深华发Ａ	SZ896	10/21/10	9.98	10.08	9.78	9.98	1703100	9.98	20	深华发Ａ	SZ897	10/20/10	9.78	10.1	9.7	9.99	2129600	9.99	20	深华发Ａ	SZ898	10/19/10	9.58	9.99	9.58	9.95	1620500	9.95	20	深华发Ａ	SZ899	10/18/10	9.9	9.96	9.47	9.59	3242900	9.59	20	深华发Ａ	SZ900	10/15/10	10.18	10.35	9.88	9.88	4185700	9.88	20	深华发Ａ	SZ901	10/14/10	10.8	10.8	10.18	10.23	5107300	10.23	20	深华发Ａ	SZ902	10/13/10	10.47	11.1	10.3	10.99	8941400	10.99	20	深华发Ａ	SZ903	10/12/10	10.3	10.52	10.28	10.45	2913500	10.45	20	深华发Ａ	SZ904	10/11/10	10.31	10.47	10.22	10.39	3479100	10.39	20	深华发Ａ	SZ905	10/8/10	10.2	10.36	10.15	10.27	3109800	10.27	20	深华发Ａ	SZ906	10/7/10	10.18	10.18	10.18	10.18	0	10.18	20	深华发Ａ	SZ907	10/6/10	10.18	10.18	10.18	10.18	0	10.18	20	深华发Ａ	SZ908	10/5/10	10.18	10.18	10.18	10.18	0	10.18	20	深华发Ａ	SZ909	10/4/10	10.18	10.18	10.18	10.18	0	10.18	20	深华发Ａ	SZ910	10/1/10	10.18	10.18	10.18	10.18	0	10.18	20	深华发Ａ	SZ911	9/30/10	10.22	10.42	10.1	10.18	3167500	10.18	20	深华发Ａ	SZ912	9/29/10	9.95	10.41	9.82	10.32	4617400	10.32	20	深华发Ａ	SZ913	9/28/10	10.15	10.18	9.9	9.94	1822200	9.94	20	深华发Ａ	SZ914	9/27/10	9.93	10.07	9.86	10.04	1768600	10.04	20	深华发Ａ	SZ915	9/24/10	9.88	9.88	9.88	9.88	0	9.88	20	深华发Ａ	SZ916	9/23/10	9.88	9.88	9.88	9.88	0	9.88	20	深华发Ａ	SZ917	9/22/10	9.88	9.88	9.88	9.88	0	9.88	20	深华发Ａ	SZ918	9/21/10	9.72	9.94	9.72	9.88	1315700	9.88	20	深华发Ａ	SZ919	9/20/10	10.01	10.02	9.68	9.7	1537600	9.7	20	深华发Ａ	SZ920	9/17/10	9.71	10.15	9.71	10	2604500	10	20	深华发Ａ	SZ921	9/16/10	10.21	10.29	9.65	9.81	3662600	9.81	20	深华发Ａ	SZ922	9/15/10	10.57	10.68	10.18	10.19	3201800	10.19	20	深华发Ａ	SZ923	9/14/10	10.55	10.66	10.46	10.55	3146000	10.55	20	深华发Ａ	SZ924	9/13/10	10.35	10.55	10.3	10.5	2923800	10.5	20	深华发Ａ	SZ925	9/10/10	10.5	10.64	10.05	10.35	4171100	10.35	20	深华发Ａ	SZ926	9/9/10	10.88	10.88	10.5	10.5	4904300	10.5	20	深华发Ａ	SZ927	9/8/10	10.8	10.89	10.62	10.88	4143400	10.88	20	深华发Ａ	SZ928	9/7/10	11.18	11.23	10.7	10.93	5505700	10.93	20	深华发Ａ	SZ929	9/6/10	11.22	11.35	10.9	11.11	9954300	11.11	20	深华发Ａ	SZ930	9/3/10	10.7	11.39	10.7	11.22	13545300	11.22	20	深华发Ａ	SZ931	9/2/10	10.69	10.76	10.46	10.7	5944900	10.7	20	深华发Ａ	SZ932	9/1/10	10.95	10.95	10.4	10.6	6924000	10.6	20	深华发Ａ	SZ933	8/31/10	10.7	11.17	10.65	10.95	9039100	10.95	20	深华发Ａ	SZ934	8/30/10	10.63	10.8	10.5	10.8	7888200	10.8	20	深华发Ａ	SZ935	8/27/10	10.78	10.88	10.45	10.67	8025800	10.67	20	深华发Ａ	SZ936	8/26/10	10.69	11.28	10.51	11.12	15649400	11.12	20	深华发Ａ	SZ937	8/25/10	11.18	11.3	10.6	10.67	16248300	10.67	20	深华发Ａ	SZ938	8/24/10	12	12.48	11.36	11.49	22143700	11.49	20	深华发Ａ	SZ939	8/23/10	11.15	11.61	11.1	11.61	9918600	11.61	20	深华发Ａ	SZ940	8/20/10	10	10.79	9.9	10.55	14366000	10.55	20	深华发Ａ	SZ941	8/19/10	9.51	10.45	9.51	10.13	16284400	10.13	20	深华发Ａ	SZ942	8/18/10	9.37	9.54	9.23	9.5	3783200	9.5	20	深华发Ａ	SZ943	8/17/10	9.33	9.46	9.29	9.38	2568600	9.38	20	深华发Ａ	SZ944	8/16/10	9.25	9.4	9.15	9.33	2373900	9.33	20	深华发Ａ	SZ945	8/13/10	8.88	9.2	8.88	9.17	2284400	9.17	20	深华发Ａ	SZ946	8/12/10	9	9.26	8.9	8.96	3016500	8.96	20	深华发Ａ	SZ947	8/11/10	8.98	8.98	8.98	8.98	0	8.98	20	深华发Ａ	SZ948	8/10/10	9.48	9.5	8.98	8.98	2992500	8.98	20	深华发Ａ	SZ949	8/9/10	9.41	9.59	9.36	9.45	3138500	9.45	20	深华发Ａ	SZ950	8/6/10	9.14	9.45	9.12	9.38	3434400	9.38	20	深华发Ａ	SZ951	8/5/10	9.15	9.26	9.03	9.11	2629700	9.11	20	深华发Ａ	SZ952	8/4/10	9.19	9.25	8.87	9.18	3531800	9.18	20	深华发Ａ	SZ953	8/3/10	9.48	9.5	9.21	9.21	3768300	9.21	20	深华发Ａ	SZ954	8/2/10	9.36	9.68	9.3	9.51	5229800	9.51	20	深华发Ａ	SZ955	7/30/10	9.33	9.5	9.25	9.37	3487500	9.37	20	深华发Ａ	SZ956	7/29/10	9.4	9.58	9.25	9.37	7099300	9.37	20	深华发Ａ	SZ957	7/28/10	8.85	9.8	8.75	9.6	10645700	9.6	20	深华发Ａ	SZ958	7/27/10	9.1	9.35	8.95	8.95	5924100	8.95	20	深华发Ａ	SZ959	7/26/10	8.98	9.05	8.85	9.02	5561600	9.02	20	深华发Ａ	SZ960	7/23/10	8.95	9.1	8.76	8.99	7387200	8.99	20	深华发Ａ	SZ961	7/22/10	8.45	9.35	8.43	9	9214400	9	20	深华发Ａ	SZ962	7/21/10	8.44	8.66	8.38	8.54	5671200	8.54	20	深华发Ａ	SZ963	7/20/10	7.95	8.66	7.95	8.57	5693700	8.57	20	深华发Ａ	SZ964	7/19/10	7.68	8.05	7.62	7.95	1779700	7.95	20	深华发Ａ	SZ965	7/16/10	7.52	7.83	7.52	7.83	1717700	7.83	20	深华发Ａ	SZ966	7/15/10	8.22	8.35	7.76	7.76	3247600	7.76	20	深华发Ａ	SZ967	7/14/10	7.85	8.25	7.85	8.05	3004700	8.05	20	深华发Ａ	SZ968	7/13/10	7.99	7.99	7.71	7.86	2126400	7.86	20	深华发Ａ	SZ969	7/12/10	8.01	8.19	7.92	8.11	3532200	8.11	20	深华发Ａ	SZ970	7/9/10	7.62	8.1	7.56	8	3969700	8	20	深华发Ａ	SZ971	7/8/10	7.6	7.76	7.41	7.73	2383600	7.73	20	深华发Ａ	SZ972	7/7/10	7.49	7.7	7.3	7.6	2240400	7.6	20	深华发Ａ	SZ973	7/6/10	7.2	7.5	7.12	7.44	1533000	7.44	20	深华发Ａ	SZ974	7/5/10	7.1	7.24	6.95	7.19	1162900	7.19	20	深华发Ａ	SZ975	7/2/10	7.53	7.66	6.78	7.31	2952500	7.31	20	深华发Ａ	SZ976	7/1/10	7.7	7.89	7.52	7.53	1370100	7.53	20	深华发Ａ	SZ977	6/30/10	8.17	8.17	7.86	7.86	2242600	7.86	20	深华发Ａ	SZ978	6/29/10	8.73	8.73	8.73	8.73	0	8.73	20	深华发Ａ	SZ979	6/28/10	8.95	8.99	8.71	8.73	948100	8.73	20	深华发Ａ	SZ980	6/25/10	9.04	9.09	8.85	8.94	1114400	8.94	20	深华发Ａ	SZ981	6/24/10	9.05	9.15	8.95	9.09	1034000	9.09	20	深华发Ａ	SZ982	6/23/10	9.1	9.24	8.93	9.05	1477900	9.05	20	深华发Ａ	SZ983	6/22/10	9.15	9.26	9.05	9.24	1591900	9.24	20	深华发Ａ	SZ984	6/21/10	8.9	9.18	8.75	9.16	1874800	9.16	20	深华发Ａ	SZ985	6/18/10	9.36	9.44	8.74	8.88	2885100	8.88	20	深华发Ａ	SZ986	6/17/10	9.45	9.59	9.45	9.46	1719100	9.46	20	深华发Ａ	SZ987	6/16/10	9.42	9.42	9.42	9.42	0	9.42	20	深华发Ａ	SZ988	6/15/10	9.42	9.42	9.42	9.42	0	9.42	20	深华发Ａ	SZ989	6/14/10	9.42	9.42	9.42	9.42	0	9.42	20	深华发Ａ	SZ990	6/11/10	9.48	9.58	9.39	9.42	2210000	9.42	20	深华发Ａ	SZ991	6/10/10	9.4	9.66	9.32	9.49	3751200	9.49	20	深华发Ａ	SZ992	6/9/10	9.16	9.7	9.16	9.51	4164900	9.51	20	深华发Ａ	SZ993	6/8/10	8.95	9.22	8.95	9.15	1825700	9.15	20	深华发Ａ	SZ994	6/7/10	8.98	9.15	8.85	9.05	1868200	9.05	20	深华发Ａ	SZ995	6/4/10	8.88	9.3	8.8	9.19	2325400	9.19	20	深华发Ａ	SZ996	6/3/10	9.49	9.58	9.06	9.09	3813300	9.09	20	深华发Ａ	SZ997	6/2/10	9.3	9.35	8.85	9.28	3234400	9.28	20	深华发Ａ	SZ998	6/1/10	9.55	9.73	9	9.27	5274400	9.27	20	深华发Ａ	SZ999	5/31/10	9.8	10.51	9.74	9.85	10225000	9.85	20	深华发Ａ	SZ1000	5/28/10	9.66	9.79	9.4	9.55	3909000	9.55	20	深华发Ａ	SZ1001	5/27/10	9.21	9.69	9.16	9.55	3846200	9.55	20	深华发Ａ	SZ1002	5/26/10	9.37	9.37	9.18	9.24	2179500	9.24	20	深华发Ａ	SZ1003	5/25/10	9.1	9.5	9.06	9.33	4131000	9.33	20	深华发Ａ	SZ1004	5/24/10	8.78	9.39	8.77	9.25	3751200	9.25	20	深华发Ａ	SZ1005	5/21/10	8.49	8.88	8.21	8.77	2630600	8.77	20	深华发Ａ	SZ1006	5/20/10	9.01	9.21	8.76	8.78	1850700	8.78	20	深华发Ａ	SZ1007	5/19/10	9.06	9.32	8.9	9.02	2438000	9.02	20	深华发Ａ	SZ1008	5/18/10	8.58	9.32	8.58	9.22	3226200	9.22	20	深华发Ａ	SZ1009	5/17/10	9.55	9.7	8.98	9	4219600	9	20	深华发Ａ	SZ1010	5/14/10	9.15	9.98	9.01	9.9	5708800	9.9	20	深华发Ａ	SZ1011	5/13/10	8.9	9.19	8.65	9.18	2524000	9.18	20	深华发Ａ	SZ1012	5/12/10	8.75	9.04	8.68	8.9	1176000	8.9	20	深华发Ａ	SZ1013	5/11/10	9.32	9.4	8.8	8.86	1850000	8.86	20	深华发Ａ	SZ1014	5/10/10	9.06	9.19	8.66	9.16	1884600	9.16	20	深华发Ａ	SZ1015	5/7/10	8.71	9.21	8.62	9.06	1601000	9.06	20	深华发Ａ	SZ1016	5/6/10	9.28	9.4	8.9	8.92	2030700	8.92	20	深华发Ａ	SZ1017	5/5/10	8.8	9.27	8.64	9.26	2069600	9.26	20	深华发Ａ	SZ1018	5/4/10	8.6	8.97	8.57	8.83	1179800	8.83	20	深华发Ａ	SZ1019	5/3/10	8.8	8.8	8.8	8.8	0	8.8	20	深华发Ａ	SZ1020	4/30/10	9.06	9.2	8.58	8.8	2047200	8.8	20	深华发Ａ	SZ1021	4/29/10	9.58	9.7	9.13	9.14	1863300	9.14	20	深华发Ａ	SZ1022	4/28/10	9.4	9.72	9.28	9.57	1836700	9.57	20	深华发Ａ	SZ1023	4/27/10	9.96	10.04	9.1	9.44	2728800	9.44	20	深华发Ａ	SZ1024	4/26/10	9.96	10.14	9.92	9.96	1788900	9.96	20	深华发Ａ	SZ1025	4/23/10	10.19	10.25	9.94	9.97	2568200	9.97	20	深华发Ａ	SZ1026	4/22/10	10.28	10.3	10.01	10.2	2600000	10.2	20	深华发Ａ	SZ1027	4/21/10	9.86	10.32	9.86	10.3	3059800	10.3	20	深华发Ａ	SZ1028	4/20/10	10.11	10.26	9.71	9.92	2961200	9.92	20	深华发Ａ	SZ1029	4/19/10	10.78	10.84	10.01	10.08	3387000	10.08	20	深华发Ａ	SZ1030	4/16/10	11.24	11.26	10.8	10.9	2491100	10.9	20	深华发Ａ	SZ1031	4/15/10	11.21	11.38	11.15	11.26	3664500	11.26	20	深华发Ａ	SZ1032	4/14/10	10.92	11.11	10.85	11.11	3345200	11.11	20	深华发Ａ	SZ1033	4/13/10	11.33	11.46	10.72	10.92	4114700	10.92	20	深华发Ａ	SZ1034	4/12/10	11.6	11.7	11.23	11.34	4491300	11.34	20	深华发Ａ	SZ1035	4/9/10	11.29	11.57	11.29	11.54	3516100	11.54	20	深华发Ａ	SZ1036	4/8/10	11.55	11.55	11.3	11.33	4192500	11.33	20	深华发Ａ	SZ1037	4/7/10	11.7	11.7	11.45	11.59	3398900	11.59	20	深华发Ａ	SZ1038	4/6/10	11.45	11.8	11.35	11.7	6458200	11.7	20	深华发Ａ	SZ1039	4/5/10	11.7	11.7	11.7	11.7	0	11.7	20	深华发Ａ	SZ1040	4/2/10	11.55	11.97	11.55	11.7	12857000	11.7	20	深华发Ａ	SZ1041	4/1/10	11.51	11.53	11.23	11.34	9951100	11.34	20	深华发Ａ	SZ1042	3/31/10	10.83	11.26	10.74	11.25	6740800	11.25	20	深华发Ａ	SZ1043	3/30/10	10.86	10.94	10.73	10.89	3311500	10.89	20	深华发Ａ	SZ1044	3/29/10	10.7	10.94	10.52	10.94	4152000	10.94	20	深华发Ａ	SZ1045	3/26/10	10.49	10.8	10.43	10.66	4522200	10.66	20	深华发Ａ	SZ1046	3/25/10	11.09	11.09	10.51	10.52	6682100	10.52	20	深华发Ａ	SZ1047	3/24/10	11.08	11.22	11.02	11.16	4398100	11.16	20	深华发Ａ	SZ1048	3/23/10	11.18	11.3	11	11.15	5149400	11.15	20	深华发Ａ	SZ1049	3/22/10	11.3	11.36	10.92	11.17	6597000	11.17	20	深华发Ａ	SZ1050	3/19/10	11.4	11.58	11.21	11.36	5961900	11.36	20	深华发Ａ	SZ1051	3/18/10	11.29	11.7	11.2	11.39	9773300	11.39	20	深华发Ａ	SZ1052	3/17/10	11.1	11.35	10.9	11.29	7521500	11.29	20	深华发Ａ	SZ1053	3/16/10	10.94	11.2	10.63	11.1	6557000	11.1	20	深华发Ａ	SZ1054	3/15/10	11.05	11.15	10.51	10.91	6374400	10.91	20	深华发Ａ	SZ1055	3/12/10	11.53	11.77	11.16	11.17	9399700	11.17	20	深华发Ａ	SZ1056	3/11/10	11.56	11.66	11.22	11.5	8193500	11.5	20	深华发Ａ	SZ1057	3/10/10	11.8	12.16	11.35	11.56	13387900	11.56	20	深华发Ａ	SZ1058	3/9/10	12.48	12.75	11.87	12.03	19375300	12.03	20	深华发Ａ	SZ1059	3/8/10	12.57	12.57	12.01	12.57	28249600	12.57	20	深华发Ａ	SZ1060	3/5/10	11.8	11.87	11.2	11.43	23944300	11.43	20	深华发Ａ	SZ1061	3/4/10	11.21	11.21	11.21	11.21	5956900	11.21	20	深华发Ａ	SZ1062	3/3/10	10.21	10.25	9.98	10.19	4676400	10.19	20	深华发Ａ	SZ1063	3/2/10	9.81	10.55	9.8	10.27	7796000	10.27	20	深华发Ａ	SZ1064	3/1/10	9.76	9.89	9.68	9.8	3337900	9.8	20	深华发Ａ	SZ1065	2/26/10	9.86	10.11	9.7	9.75	4336800	9.75	20	深华发Ａ	SZ1066	2/25/10	9.72	10.13	9.54	9.95	5756600	9.95	20	深华发Ａ	SZ1067	2/24/10	9.31	9.67	9.15	9.63	4026800	9.63	20	深华发Ａ	SZ1068	2/23/10	9.24	9.32	9.04	9.3	2056400	9.3	20	深华发Ａ	SZ1069	2/22/10	9	9.4	9	9.24	2784100	9.24	20	深华发Ａ	SZ1070	2/19/10	9.08	9.08	9.08	9.08	0	9.08	20	深华发Ａ	SZ1071	2/18/10	9.05	9.13	8.95	9.08	1361100	9.08	20	深华发Ａ	SZ1072	2/17/10	9.05	9.13	8.95	9.08	1361100	9.08	20	深华发Ａ	SZ1073	2/16/10	9.05	9.13	8.95	9.08	1361100	9.08	20	深华发Ａ	SZ1074	2/15/10	9.05	9.13	8.95	9.08	1361100	9.08	20	深华发Ａ	SZ1075	2/12/10	9.05	9.13	8.95	9.08	1361100	9.08	20	深华发Ａ	SZ1076	2/11/10	9.12	9.12	8.93	8.95	1689300	8.95	20	深华发Ａ	SZ1077	2/10/10	9	9.15	8.94	9.13	1421700	9.13	20	深华发Ａ	SZ1078	2/9/10	8.87	9.06	8.87	8.91	1570900	8.91	20	深华发Ａ	SZ1079	2/8/10	9.01	9.11	8.91	8.99	1649600	8.99	20	深华发Ａ	SZ1080	2/5/10	9.25	9.25	8.95	9.05	3697400	9.05	20	深华发Ａ	SZ1081	2/4/10	9.33	9.8	9.21	9.53	6688700	9.53	20	深华发Ａ	SZ1082	2/3/10	8.93	9.35	8.75	9.33	3990800	9.33	20	深华发Ａ	SZ1083	2/2/10	8.94	9.15	8.87	8.89	2561600	8.89	20	深华发Ａ	SZ1084	2/1/10	9.15	9.35	8.68	8.93	3571000	8.93	20	深华发Ａ	SZ1085	1/29/10	9.19	9.38	8.95	9.24	3575600	9.24	20	深华发Ａ	SZ1086	1/28/10	9.1	9.21	9.02	9.19	2769100	9.19	20	深华发Ａ	SZ1087	1/27/10	9.14	9.35	8.92	9.06	4050000	9.06	20	深华发Ａ	SZ1088	1/26/10	10	10.19	9.18	9.18	7312600	9.18	20	深华发Ａ	SZ1089	1/25/10	11.14	11.14	10.2	10.2	7218300	10.2	20	深华发Ａ	SZ1090	1/22/10	11.49	12	11.05	11.33	9721800	11.33	20	深华发Ａ	SZ1091	1/21/10	11.4	11.79	11.1	11.75	11606100	11.75	20	深华发Ａ	SZ1092	1/20/10	11.13	11.9	11.06	11.45	14221600	11.45	20	深华发Ａ	SZ1093	1/19/10	11.31	11.35	11.01	11.15	3993800	11.15	20	深华发Ａ	SZ1094	1/18/10	11.25	11.35	11.01	11.27	5426400	11.27	20	深华发Ａ	SZ1095	1/15/10	11.24	11.52	11.18	11.24	7117000	11.24	20	深华发Ａ	SZ1096	1/14/10	11.1	11.36	11.03	11.24	8340200	11.24	20	深华发Ａ	SZ1097	1/13/10	11.43	11.65	11.01	11.16	12568700	11.16	20	深华发Ａ	SZ1098	1/12/10	10.32	11.43	10.3	11.43	13593800	11.43	20	深华发Ａ	SZ1099	1/11/10	10.21	10.45	10.08	10.39	3986500	10.39	20	深华发Ａ	SZ1100	1/8/10	10.42	10.5	10.19	10.36	5611100	10.36	20	深华发Ａ	SZ1101	1/7/10	11.22	11.5	10.56	10.62	6003900	10.62	20	深华发Ａ	SZ1102	1/6/10	11.2	11.34	10.96	11	5193000	11	20	深华发Ａ	SZ1103	1/5/10	11.09	11.6	10.85	11.36	9805100	11.36	20	深华发Ａ	SZ1104	1/4/10	10.9	11.34	10.75	11.12	6808800	11.12	20	深华发Ａ	SZ1105	12/31/09	10.76	11.13	10.55	11.02	8259800	11.02	20	深华发Ａ	SZ1106	12/30/09	11.26	11.45	10.91	10.94	12536000	10.94	20	深华发Ａ	SZ1107	12/29/09	11.04	11.44	10.9	11.26	11459800	11.26	20	深华发Ａ	SZ1108	12/28/09	10.9	11.28	10.75	11.15	9959500	11.15	20	深华发Ａ	SZ1109	12/25/09	10.5	11.08	10.31	10.94	9775700	10.94	20	深华发Ａ	SZ1110	12/24/09	10.25	10.57	9.9	10.55	6718700	10.55	20	深华发Ａ	SZ1111	12/23/09	10.21	10.36	10.05	10.17	4102800	10.17	20	深华发Ａ	SZ1112	12/22/09	10.92	10.93	10.05	10.13	5600000	10.13	20	深华发Ａ	SZ1113	12/21/09	10.57	11.1	10.5	10.94	7628600	10.94	20	深华发Ａ	SZ1114	12/18/09	10.77	11.03	10.4	10.58	5681000	10.58	20	深华发Ａ	SZ1115	12/17/09	11.09	11.15	10.63	10.74	6672400	10.74	20	深华发Ａ	SZ1116	12/16/09	11.35	11.44	10.99	11.05	5730500	11.05	20	深华发Ａ	SZ1117	12/15/09	11.3	11.49	11.05	11.45	5070400	11.45	20	深华发Ａ	SZ1118	12/14/09	11.46	11.68	10.94	11.28	5430400	11.28	20	深华发Ａ	SZ1119	12/11/09	11.78	12.07	11.53	11.59	4879800	11.59	20	深华发Ａ	SZ1120	12/10/09	11.82	11.82	11.82	11.82	0	11.82	20	深华发Ａ	SZ1121	12/9/09	11.94	12.13	11.6	11.82	6004700	11.82	20	深华发Ａ	SZ1122	12/8/09	11.89	12.32	11.67	12.12	8967400	12.12	20	深华发Ａ	SZ1123	12/7/09	11.63	12.07	11.5	11.91	7026500	11.91	20	深华发Ａ	SZ1124	12/4/09	12.6	12.61	11.48	11.62	14514700	11.62	20	深华发Ａ	SZ1125	12/3/09	12.6	12.93	12.15	12.76	15976900	12.76	20	深华发Ａ	SZ1126	12/2/09	12.8	13.04	12.5	12.65	19730500	12.65	20	深华发Ａ	SZ1127	12/1/09	12.08	13.36	11.88	13.11	26125300	13.11	20	深华发Ａ	SZ1128	11/30/09	11.83	13.12	11.81	12.4	29623900	12.4	20	深华发Ａ	SZ1129	11/27/09	11.99	12.23	11.6	12.13	33082300	12.13	20	深华发Ａ	SZ1130	11/26/09	11.12	11.12	11.12	11.12	1523300	11.12	20	深华发Ａ	SZ1131	11/25/09	9.18	10.11	8.72	10.11	10982900	10.11	20	深华发Ａ	SZ1132	11/24/09	9.19	9.19	9.19	9.19	0	9.19	20	深华发Ａ	SZ1133	11/23/09	8.58	9.25	8.5	9.19	10306300	9.19	20	深华发Ａ	SZ1134	11/20/09	8.38	8.76	8.3	8.59	7681900	8.59	20	深华发Ａ	SZ1135	11/19/09	8.02	8.81	8.02	8.52	10493600	8.52	20	深华发Ａ	SZ1136	11/18/09	8.1	8.14	7.95	8.03	3161000	8.03	20	深华发Ａ	SZ1137	11/17/09	8.17	8.2	7.96	8.08	4652700	8.08	20	深华发Ａ	SZ1138	11/16/09	7.9	8.33	7.9	8.19	9086600	8.19	20	深华发Ａ	SZ1139	11/13/09	7.67	7.96	7.65	7.9	5506700	7.9	20	深华发Ａ	SZ1140	11/12/09	7.69	7.92	7.67	7.71	3928800	7.71	20	深华发Ａ	SZ1141	11/11/09	7.72	7.79	7.55	7.68	3394500	7.68	20	深华发Ａ	SZ1142	11/10/09	7.92	8.1	7.75	7.76	6982500	7.76	20	深华发Ａ	SZ1143	11/9/09	7.74	7.93	7.66	7.9	5518100	7.9	20	深华发Ａ	SZ1144	11/6/09	7.5	7.84	7.45	7.76	6743000	7.76	20	深华发Ａ	SZ1145	11/5/09	7.63	7.78	7.39	7.53	5622800	7.53	20	深华发Ａ	SZ1146	11/4/09	7.45	7.45	7.45	7.45	0	7.45	20	深华发Ａ	SZ1147	11/3/09	7.21	7.49	7.21	7.45	3349000	7.45	20	深华发Ａ	SZ1148	11/2/09	7	7.25	6.82	7.23	2465400	7.23	20	深华发Ａ	SZ1149	10/30/09	7.16	7.29	7.08	7.11	1997300	7.11	20	深华发Ａ	SZ1150	10/29/09	7.37	7.4	7.06	7.06	2721200	7.06	20	深华发Ａ	SZ1151	10/28/09	7.5	7.6	7.21	7.5	2837800	7.5	20	深华发Ａ	SZ1152	10/27/09	7.64	7.85	7.45	7.55	5197800	7.55	20	深华发Ａ	SZ1153	10/26/09	7.45	7.82	7.45	7.7	5888900	7.7	20	深华发Ａ	SZ1154	10/23/09	7.45	7.62	7.4	7.49	2976000	7.49	20	深华发Ａ	SZ1155	10/22/09	7.38	7.56	7.23	7.53	3829900	7.53	20	深华发Ａ	SZ1156	10/21/09	7.55	7.68	7.32	7.38	3957100	7.38	20	深华发Ａ	SZ1157	10/20/09	7.56	7.62	7.44	7.54	3858700	7.54	20	深华发Ａ	SZ1158	10/19/09	7.27	7.75	7.19	7.59	5995100	7.59	20	深华发Ａ	SZ1159	10/16/09	7.24	7.33	7.1	7.26	3881800	7.26	20	深华发Ａ	SZ1160	10/15/09	6.95	7.33	6.95	7.24	4551400	7.24	20	深华发Ａ	SZ1161	10/14/09	7.01	7.17	6.95	7	3851500	7	20	深华发Ａ	SZ1162	10/13/09	6.75	6.98	6.7	6.96	2549100	6.96	20	深华发Ａ	SZ1163	10/12/09	6.67	6.8	6.61	6.73	1654600	6.73	20	深华发Ａ	SZ1164	10/9/09	6.48	6.69	6.46	6.68	1466300	6.68	20	深华发Ａ	SZ1165	10/8/09	6.41	6.41	6.41	6.41	0	6.41	20	深华发Ａ	SZ1166	10/7/09	6.41	6.41	6.41	6.41	0	6.41	20	深华发Ａ	SZ1167	10/6/09	6.41	6.41	6.41	6.41	0	6.41	20	深华发Ａ	SZ1168	10/5/09	6.41	6.41	6.41	6.41	0	6.41	20	深华发Ａ	SZ1169	10/2/09	6.41	6.41	6.41	6.41	0	6.41	20	深华发Ａ	SZ1170	10/1/09	6.41	6.41	6.41	6.41	0	6.41	20	深华发Ａ	SZ1171	9/30/09	6.5	6.55	6.4	6.41	1642900	6.41	20	深华发Ａ	SZ1172	9/29/09	6.81	6.84	6.3	6.42	2754300	6.42	20	深华发Ａ	SZ1173	9/28/09	6.7	7.04	6.7	6.82	4203500	6.82	20	深华发Ａ	SZ1174	9/25/09	6.72	6.84	6.5	6.78	2449300	6.78	20	深华发Ａ	SZ1175	9/24/09	6.7	6.82	6.56	6.72	1944200	6.72	20	深华发Ａ	SZ1176	9/23/09	6.59	6.9	6.59	6.72	2300900	6.72	20	深华发Ａ	SZ1177	9/22/09	6.9	7.02	6.6	6.7	2579000	6.7	20	深华发Ａ	SZ1178	9/21/09	6.93	7.03	6.55	6.97	2338300	6.97	20	深华发Ａ	SZ1179	9/18/09	7.3	7.39	6.91	6.97	3668900	6.97	20	深华发Ａ	SZ1180	9/17/09	7.02	7.45	7.01	7.3	6230600	7.3	20	深华发Ａ	SZ1181	9/16/09	7.04	7.25	6.8	7.08	4881200	7.08	20	深华发Ａ	SZ1182	9/15/09	7.18	7.49	7	7.12	8757100	7.12	20	深华发Ａ	SZ1183	9/14/09	6.81	7.2	6.69	7.19	8211400	7.19	20	深华发Ａ	SZ1184	9/11/09	6.53	6.89	6.42	6.81	3158200	6.81	20	深华发Ａ	SZ1185	9/10/09	6.56	6.59	6.3	6.55	1998200	6.55	20	深华发Ａ	SZ1186	9/9/09	6.53	6.68	6.43	6.57	2817200	6.57	20	深华发Ａ	SZ1187	9/8/09	6.23	6.59	6.14	6.58	4001100	6.58	20	深华发Ａ	SZ1188	9/7/09	6.22	6.36	6.12	6.23	2157800	6.23	20	深华发Ａ	SZ1189	9/4/09	6.1	6.28	6.07	6.21	2011500	6.21	20	深华发Ａ	SZ1190	9/3/09	5.81	6.12	5.81	6.08	2042500	6.08	20	深华发Ａ	SZ1191	9/2/09	5.97	6.05	5.66	5.77	2073800	5.77	20	深华发Ａ	SZ1192	9/1/09	5.9	6.15	5.81	5.97	2116400	5.97	20	深华发Ａ	SZ1193	8/31/09	6.37	6.52	5.94	5.96	3506100	5.96	20	深华发Ａ	SZ1194	8/28/09	6.4	6.99	6.39	6.6	7022100	6.6	20	深华发Ａ	SZ1195	8/27/09	6.21	6.44	6.2	6.37	3041700	6.37	20	深华发Ａ	SZ1196	8/26/09	6.03	6.36	5.93	6.22	3473000	6.22	20	深华发Ａ	SZ1197	8/25/09	6.27	6.27	5.87	6.04	3553300	6.04	20	深华发Ａ	SZ1198	8/24/09	6.01	6.5	5.8	6.3	5527000	6.3	20	深华发Ａ	SZ1199	8/21/09	5.56	6.03	5.49	6	4295600	6	20	深华发Ａ	SZ1200	8/20/09	5.39	5.57	5.29	5.53	2199000	5.53	20	深华发Ａ	SZ1201	8/19/09	5.7	5.85	5.22	5.3	2993500	5.3	20	深华发Ａ	SZ1202	8/18/09	5.59	5.77	5.54	5.73	2098500	5.73	20	深华发Ａ	SZ1203	8/17/09	6	6.23	5.57	5.6	2712800	5.6	20	深华发Ａ	SZ1204	8/14/09	6.63	6.69	6.06	6.06	2918000	6.06	20	深华发Ａ	SZ1205	8/13/09	6.68	6.78	6.49	6.63	2460100	6.63	20	深华发Ａ	SZ1206	8/12/09	7.02	7.02	6.63	6.66	2581000	6.66	20	深华发Ａ	SZ1207	8/11/09	7.09	7.09	6.96	7.02	2155400	7.02	20	深华发Ａ	SZ1208	8/10/09	7.3	7.3	6.84	7	3048800	7	20	深华发Ａ	SZ1209	8/7/09	7.35	7.48	7.11	7.11	3127000	7.11	20	深华发Ａ	SZ1210	8/6/09	7.72	7.72	7.3	7.38	4597800	7.38	20	深华发Ａ	SZ1211	8/5/09	7.31	7.92	7.21	7.76	9321600	7.76	20	深华发Ａ	SZ1212	8/4/09	7.43	7.45	7.14	7.27	3903200	7.27	20	深华发Ａ	SZ1213	8/3/09	7.35	7.46	7.3	7.44	2951900	7.44	20	深华发Ａ	SZ1214	7/31/09	7.17	7.36	7.09	7.35	2574300	7.35	20	深华发Ａ	SZ1215	7/30/09	7.37	7.37	6.87	7.17	3425200	7.17	20	深华发Ａ	SZ1216	7/29/09	7.45	7.59	6.71	7.29	4329000	7.29	20	深华发Ａ	SZ1217	7/28/09	7.49	7.5	7.3	7.43	3059300	7.43	20	深华发Ａ	SZ1218	7/27/09	7.43	7.6	7.3	7.49	4621600	7.49	20	深华发Ａ	SZ1219	7/24/09	7.35	7.68	7.3	7.48	4324700	7.48	20	深华发Ａ	SZ1220	7/23/09	7.41	7.43	7.25	7.28	2888900	7.28	20	深华发Ａ	SZ1221	7/22/09	7.2	7.49	7.2	7.4	2709300	7.4	20	深华发Ａ	SZ1222	7/21/09	7.54	7.59	7.18	7.2	4497100	7.2	20	深华发Ａ	SZ1223	7/20/09	7.45	7.62	7.42	7.52	3253400	7.52	20	深华发Ａ	SZ1224	7/17/09	7.6	7.7	7.35	7.47	4558100	7.47	20	深华发Ａ	SZ1225	7/16/09	7.95	8.09	7.56	7.63	5941500	7.63	20	深华发Ａ	SZ1226	7/15/09	7.87	8.18	7.66	7.95	8229900	7.95	20	深华发Ａ	SZ1227	7/14/09	7.2	7.96	7.19	7.95	9458900	7.95	20	深华发Ａ	SZ1228	7/13/09	7.19	7.45	7.13	7.24	7674700	7.24	20	深华发Ａ	SZ1229	7/10/09	6.6	7.29	5.97	7.29	12061500	7.29	20	深华发Ａ	SZ1230	7/9/09	6.6	6.72	6.49	6.63	3559800	6.63	20	深华发Ａ	SZ1231	7/8/09	6.35	6.66	6.35	6.59	5363600	6.59	20	深华发Ａ	SZ1232	7/7/09	6.56	6.57	6.34	6.4	4087000	6.4	20	深华发Ａ	SZ1233	7/6/09	6.35	6.68	6.3	6.55	7013500	6.55	20	深华发Ａ	SZ1234	7/3/09	6.15	6.38	6.09	6.35	4623200	6.35	20	深华发Ａ	SZ1235	7/2/09	6.24	6.3	6.12	6.17	2335600	6.17	20	深华发Ａ	SZ1236	7/1/09	6.14	6.4	6.05	6.23	4501200	6.23	20	深华发Ａ	SZ1237	6/30/09	6.4	6.4	6.4	6.4	0	6.4	20	深华发Ａ	SZ1238	6/29/09	6.09	6.46	6.05	6.4	5425700	6.4	20	深华发Ａ	SZ1239	6/26/09	6.01	6.21	5.94	6.18	3351800	6.18	20	深华发Ａ	SZ1240	6/25/09	6.04	6.07	5.97	6.01	1913600	6.01	20	深华发Ａ	SZ1241	6/24/09	5.93	6	5.89	6	1683000	6	20	深华发Ａ	SZ1242	6/23/09	5.92	6.03	5.8	5.94	3338400	5.94	20	深华发Ａ	SZ1243	6/22/09	6.16	6.19	5.95	6.02	2541700	6.02	20	深华发Ａ	SZ1244	6/19/09	6.11	6.2	6.08	6.16	2272900	6.16	20	深华发Ａ	SZ1245	6/18/09	6.11	6.23	6.1	6.12	2331600	6.12	20	深华发Ａ	SZ1246	6/17/09	6.14	6.19	6.04	6.15	2631300	6.15	20	深华发Ａ	SZ1247	6/16/09	6.2	6.2	6.08	6.16	1662900	6.16	20	深华发Ａ	SZ1248	6/15/09	6.12	6.23	6.05	6.22	1736000	6.22	20	深华发Ａ	SZ1249	6/12/09	6.38	6.4	6	6.06	3305200	6.06	20	深华发Ａ	SZ1250	6/11/09	6.33	6.52	6.31	6.38	4355700	6.38	20	深华发Ａ	SZ1251	6/10/09	6.28	6.4	6.26	6.31	3120900	6.31	20	深华发Ａ	SZ1252	6/9/09	6.43	6.53	6.2	6.29	3578700	6.29	20	深华发Ａ	SZ1253	6/8/09	6.19	6.48	6.07	6.43	5660200	6.43	20	深华发Ａ	SZ1254	6/5/09	6.03	6.22	6.02	6.14	3763800	6.14	20	深华发Ａ	SZ1255	6/4/09	6.11	6.15	6.01	6.05	2881900	6.05	20	深华发Ａ	SZ1256	6/3/09	6.08	6.18	6.05	6.13	3126700	6.13	20	深华发Ａ	SZ1257	6/2/09	6.23	6.24	6.05	6.1	2850700	6.1	20	深华发Ａ	SZ1258	6/1/09	6.05	6.24	6.02	6.23	3674300	6.23	20	深华发Ａ	SZ1259	5/29/09	6.15	6.15	6.15	6.15	0	6.15	20	深华发Ａ	SZ1260	5/28/09	6.15	6.15	6.15	6.15	0	6.15	20	深华发Ａ	SZ1261	5/27/09	6.14	6.42	6.12	6.15	3686300	6.15	20	深华发Ａ	SZ1262	5/26/09	6	6.15	5.88	6.04	3361500	6.04	20	深华发Ａ	SZ1263	5/25/09	5.99	6.06	5.68	6.02	4588300	6.02	20	深华发Ａ	SZ1264	5/22/09	6.31	6.53	6.1	6.2	4753500	6.2	20	深华发Ａ	SZ1265	5/21/09	6.69	6.69	6.28	6.3	8697900	6.3	20	深华发Ａ	SZ1266	5/20/09	6.58	6.9	6.4	6.85	20861200	6.85	20	深华发Ａ	SZ1267	5/19/09	6.27	6.27	6.27	6.27	1976100	6.27	20	深华发Ａ	SZ1268	5/18/09	5.7	5.7	5.7	5.7	0	5.7	20	深华发Ａ	SZ1269	5/15/09	5.74	5.76	5.57	5.7	3370100	5.7	20	深华发Ａ	SZ1270	5/14/09	5.7	5.79	5.57	5.74	3458800	5.74	20	深华发Ａ	SZ1271	5/13/09	5.63	5.84	5.56	5.67	3808000	5.67	20	深华发Ａ	SZ1272	5/12/09	5.4	5.69	5.4	5.63	3888900	5.63	20	深华发Ａ	SZ1273	5/11/09	5.7	5.95	5.5	5.54	4467200	5.54	20	深华发Ａ	SZ1274	5/8/09	5.6	5.92	5.5	5.72	5919400	5.72	20	深华发Ａ	SZ1275	5/7/09	5.41	5.7	5.17	5.69	6673000	5.69	20	深华发Ａ	SZ1276	5/6/09	5.1	5.43	5.1	5.43	6784800	5.43	20	深华发Ａ	SZ1277	5/5/09	5.49	5.49	5.17	5.17	7987700	5.17	20	深华发Ａ	SZ1278	5/4/09	5.25	5.45	5.15	5.44	5535200	5.44	20	深华发Ａ	SZ1279	5/1/09	5.19	5.19	5.19	5.19	0	5.19	20	深华发Ａ	SZ1280	4/30/09	4.99	5.19	4.9	5.19	7266400	5.19	20	深华发Ａ	SZ1281	4/29/09	4.65	4.95	4.65	4.94	3821800	4.94	20	深华发Ａ	SZ1282	4/28/09	5	5.13	4.79	4.83	5298500	4.83	20	深华发Ａ	SZ1283	4/27/09	4.86	5.04	4.77	5.04	8485000	5.04	20	深华发Ａ	SZ1284	4/24/09	4.61	4.81	4.56	4.8	3352500	4.8	20	深华发Ａ	SZ1285	4/23/09	4.65	4.72	4.51	4.58	2611700	4.58	20	深华发Ａ	SZ1286	4/22/09	4.88	5.08	4.61	4.68	4901400	4.68	20	深华发Ａ	SZ1287	4/21/09	4.67	4.89	4.67	4.85	4588100	4.85	20	深华发Ａ	SZ1288	4/20/09	4.41	4.67	4.41	4.67	4725900	4.67	20	深华发Ａ	SZ1289	4/17/09	4.6	4.61	4.45	4.45	2658200	4.45	20	深华发Ａ	SZ1290	4/16/09	4.57	4.64	4.39	4.6	5371600	4.6	20	深华发Ａ	SZ1291	4/15/09	4.57	4.66	4.51	4.58	3114800	4.58	20	深华发Ａ	SZ1292	4/14/09	4.56	4.64	4.49	4.61	4198300	4.61	20	深华发Ａ	SZ1293	4/13/09	4.8	4.8	4.5	4.54	8314600	4.54	20	深华发Ａ	SZ1294	4/10/09	4.48	4.68	4.48	4.68	5850100	4.68	20	深华发Ａ	SZ1295	4/9/09	4.35	4.53	4.28	4.46	3377300	4.46	20	深华发Ａ	SZ1296	4/8/09	4.6	4.68	4.45	4.45	7103900	4.45	20	深华发Ａ	SZ1297	4/7/09	4.7	5	4.52	4.68	12685400	4.68	20	深华发Ａ	SZ1298	4/6/09	4.76	4.76	4.76	4.76	0	4.76	20	深华发Ａ	SZ1299	4/3/09	4.54	4.76	4.41	4.76	9459600	4.76	20	深华发Ａ	SZ1300	4/2/09	4.33	4.53	4.26	4.53	5854700	4.53	20	深华发Ａ	SZ1301	4/1/09	4.1	4.33	4.08	4.33	6293800	4.33	20	深华发Ａ	SZ1302	3/31/09	4.09	4.17	3.96	4.12	4941400	4.12	20	深华发Ａ	SZ1303	3/30/09	3.9	4.1	3.86	4.1	6157000	4.1	20	深华发Ａ	SZ1304	3/27/09	3.81	3.95	3.73	3.9	3668500	3.9	20	深华发Ａ	SZ1305	3/26/09	3.81	3.85	3.63	3.81	3098400	3.81	20	深华发Ａ	SZ1306	3/25/09	3.8	3.99	3.79	3.81	4220500	3.81	20	深华发Ａ	SZ1307	3/24/09	3.82	3.86	3.77	3.82	2768200	3.82	20	深华发Ａ	SZ1308	3/23/09	3.7	3.83	3.67	3.8	2956700	3.8	20	深华发Ａ	SZ1309	3/20/09	3.72	3.74	3.62	3.7	2479200	3.7	20	深华发Ａ	SZ1310	3/19/09	3.66	3.74	3.62	3.73	1966200	3.73	20	深华发Ａ	SZ1311	3/18/09	3.66	3.72	3.61	3.66	2768300	3.66	20	深华发Ａ	SZ1312	3/17/09	3.52	3.69	3.52	3.65	2403300	3.65	20	深华发Ａ	SZ1313	3/16/09	3.47	3.56	3.46	3.55	1491900	3.55	20	深华发Ａ	SZ1314	3/13/09	3.61	3.64	3.44	3.5	2789900	3.5	20	深华发Ａ	SZ1315	3/12/09	3.63	3.73	3.51	3.61	2952900	3.61	20	深华发Ａ	SZ1316	3/11/09	3.83	3.95	3.62	3.69	3799600	3.69	20	深华发Ａ	SZ1317	3/10/09	3.6	3.81	3.57	3.81	4328300	3.81	20	深华发Ａ	SZ1318	3/9/09	4.04	4.04	3.76	3.76	5263000	3.76	20	深华发Ａ	SZ1319	3/6/09	3.77	3.96	3.67	3.96	6474200	3.96	20	深华发Ａ	SZ1320	3/5/09	3.63	3.8	3.6	3.77	6241300	3.77	20	深华发Ａ	SZ1321	3/4/09	3.4	3.73	3.4	3.67	6450000	3.67	20	深华发Ａ	SZ1322	3/3/09	3.7	3.9	3.57	3.57	5839100	3.57	20	深华发Ａ	SZ1323	3/2/09	3.53	3.76	3.42	3.76	7440100	3.76	20	深华发Ａ	SZ1324	2/27/09	3.36	3.6	3.36	3.6	11150100	3.6	20	深华发Ａ	SZ1325	2/26/09	3.48	3.65	3.31	3.43	3339200	3.43	20	深华发Ａ	SZ1326	2/25/09	3.51	3.59	3.43	3.48	4200600	3.48	20	深华发Ａ	SZ1327	2/24/09	3.53	3.61	3.5	3.61	5914400	3.61	20	深华发Ａ	SZ1328	2/23/09	3.44	3.44	3.44	3.44	0	3.44	20	深华发Ａ	SZ1329	2/20/09	3.31	3.44	3.29	3.44	1242800	3.44	20	深华发Ａ	SZ1330	2/19/09	3.33	3.4	3.25	3.33	1410400	3.33	20	深华发Ａ	SZ1331	2/18/09	3.4	3.48	3.32	3.32	3127200	3.32	20	深华发Ａ	SZ1332	2/17/09	3.64	3.81	3.49	3.49	4635300	3.49	20	深华发Ａ	SZ1333	2/16/09	3.5	3.66	3.46	3.66	4010400	3.66	20	深华发Ａ	SZ1334	2/13/09	3.33	3.51	3.31	3.49	3256800	3.49	20	深华发Ａ	SZ1335	2/12/09	3.41	3.41	3.18	3.34	2659100	3.34	20	深华发Ａ	SZ1336	2/11/09	3.2	3.42	3.16	3.35	4010500	3.35	20	深华发Ａ	SZ1337	2/10/09	3.21	3.26	3.1	3.26	3161500	3.26	20	深华发Ａ	SZ1338	2/9/09	3.29	3.29	3.13	3.21	4004100	3.21	20	深华发Ａ	SZ1339	2/6/09	2.98	3.13	2.98	3.13	1377500	3.13	20	深华发Ａ	SZ1340	2/5/09	3	3.08	2.96	2.98	2416300	2.98	20	深华发Ａ	SZ1341	2/4/09	2.95	3.04	2.93	3	2333900	3	20	深华发Ａ	SZ1342	2/3/09	3	3	2.92	2.94	2351300	2.94	20	深华发Ａ	SZ1343	2/2/09	2.82	2.93	2.8	2.93	1763500	2.93	20	深华发Ａ	SZ1344	1/30/09	2.79	2.79	2.79	2.79	0	2.79	20	深华发Ａ	SZ1345	1/29/09	2.79	2.79	2.79	2.79	0	2.79	20	深华发Ａ	SZ1346	1/28/09	2.79	2.79	2.79	2.79	0	2.79	20	深华发Ａ	SZ1347	1/27/09	2.79	2.79	2.79	2.79	0	2.79	20	深华发Ａ	SZ1348	1/26/09	2.79	2.79	2.79	2.79	0	2.79	20	深华发Ａ	SZ1349	1/23/09	2.73	2.85	2.7	2.79	2097000	2.79	20	深华发Ａ	SZ1350	1/22/09	2.67	2.74	2.63	2.72	1011900	2.72	20	深华发Ａ	SZ1351	1/21/09	2.65	2.68	2.6	2.67	1511300	2.67	20	深华发Ａ	SZ1352	1/20/09	2.68	2.68	2.56	2.65	1020200	2.65	20	深华发Ａ	SZ1353	1/19/09	2.69	2.73	2.61	2.64	1103700	2.64	20	深华发Ａ	SZ1354	1/16/09	2.64	2.75	2.56	2.69	2047300	2.69	20	深华发Ａ	SZ1355	1/15/09	2.62	2.66	2.58	2.63	1491600	2.63	20	深华发Ａ	SZ1356	1/14/09	2.56	2.64	2.52	2.63	1496500	2.63	20	深华发Ａ	SZ1357	1/13/09	2.56	2.63	2.49	2.55	1165700	2.55	20	深华发Ａ	SZ1358	1/12/09	2.55	2.63	2.47	2.61	2505200	2.61	20	深华发Ａ	SZ1359	1/9/09	2.42	2.51	2.42	2.5	938100	2.5	20	深华发Ａ	SZ1360	1/8/09	2.53	2.54	2.44	2.46	783900	2.46	20	深华发Ａ	SZ1361	1/7/09	2.54	2.59	2.52	2.56	1214100	2.56	20	深华发Ａ	SZ1362	1/6/09	2.5	2.55	2.46	2.54	1045100	2.54	20	深华发Ａ	SZ1363	1/5/09	2.41	2.52	2.4	2.48	787400	2.48	20	深华发Ａ	SZ1364	1/2/09	2.4	2.4	2.4	2.4	0	2.4	20	深华发Ａ	SZ1365	1/1/09	2.4	2.4	2.4	2.4	0	2.4	20	深华发Ａ	SZ1366	12/31/08	2.42	2.5	2.39	2.4	1121600	2.4	20	深华发Ａ	SZ1367	12/30/08	2.55	2.56	2.48	2.48	1663900	2.48	20	深华发Ａ	SZ1368	12/29/08	2.8	2.8	2.54	2.61	4131300	2.61	20	深华发Ａ	SZ1369	12/26/08	2.67	2.67	2.67	2.67	780400	2.67	20	深华发Ａ	SZ1370	12/25/08	2.42	2.54	2.41	2.54	916200	2.54	20	深华发Ａ	SZ1371	12/24/08	2.45	2.46	2.41	2.42	1944800	2.42	20	深华发Ａ	SZ1372	12/23/08	2.7	2.7	2.54	2.54	1709100	2.54	20	深华发Ａ	SZ1373	12/22/08	2.67	2.72	2.56	2.67	1344100	2.67	20	深华发Ａ	SZ1374	12/19/08	2.62	2.69	2.58	2.66	1147000	2.66	20	深华发Ａ	SZ1375	12/18/08	2.56	2.62	2.52	2.62	1010200	2.62	20	深华发Ａ	SZ1376	12/17/08	2.5	2.58	2.47	2.56	1123300	2.56	20	深华发Ａ	SZ1377	12/16/08	2.43	2.55	2.38	2.53	1048500	2.53	20	深华发Ａ	SZ1378	12/15/08	2.57	2.64	2.51	2.51	1303300	2.51	20	深华发Ａ	SZ1379	12/12/08	2.75	2.75	2.64	2.64	2271800	2.64	20	深华发Ａ	SZ1380	12/11/08	2.7	2.79	2.66	2.78	3800200	2.78	20	深华发Ａ	SZ1381	12/10/08	2.5	2.66	2.5	2.66	1977400	2.66	20	深华发Ａ	SZ1382	12/9/08	2.57	2.61	2.51	2.53	1843900	2.53	20	深华发Ａ	SZ1383	12/8/08	2.46	2.58	2.46	2.57	1817700	2.57	20	深华发Ａ	SZ1384	12/5/08	2.43	2.47	2.38	2.46	1104300	2.46	20	深华发Ａ	SZ1385	12/4/08	2.41	2.5	2.36	2.45	2212700	2.45	20	深华发Ａ	SZ1386	12/3/08	2.35	2.44	2.34	2.4	1865100	2.4	20	深华发Ａ	SZ1387	12/2/08	2.28	2.36	2.24	2.33	1023500	2.33	20	深华发Ａ	SZ1388	12/1/08	2.2	2.32	2.14	2.32	1345800	2.32	20	深华发Ａ	SZ1389	11/28/08	2.18	2.26	2.18	2.21	753400	2.21	20	深华发Ａ	SZ1390	11/27/08	2.29	2.3	2.22	2.22	1707700	2.22	20	深华发Ａ	SZ1391	11/26/08	2.18	2.21	2.11	2.19	531000	2.19	20	深华发Ａ	SZ1392	11/25/08	2.2	2.22	2.11	2.15	715400	2.15	20	深华发Ａ	SZ1393	11/24/08	2.23	2.24	2.17	2.19	863100	2.19	20	深华发Ａ	SZ1394	11/21/08	2.25	2.29	2.2	2.23	1528800	2.23	20	深华发Ａ	SZ1395	11/20/08	2.26	2.37	2.21	2.32	1909300	2.32	20	深华发Ａ	SZ1396	11/19/08	2.2	2.32	2.15	2.31	1874500	2.31	20	深华发Ａ	SZ1397	11/18/08	2.35	2.36	2.24	2.24	1425600	2.24	20	深华发Ａ	SZ1398	11/17/08	2.29	2.37	2.26	2.36	1636900	2.36	20	深华发Ａ	SZ1399	11/14/08	2.22	2.31	2.21	2.28	1908800	2.28	20	深华发Ａ	SZ1400	11/13/08	2.11	2.25	2.11	2.23	1425900	2.23	20	深华发Ａ	SZ1401	11/12/08	2.09	2.16	2.07	2.16	755800	2.16	20	深华发Ａ	SZ1402	11/11/08	2.09	2.15	2.06	2.09	1113600	2.09	20	深华发Ａ	SZ1403	11/10/08	2.03	2.1	2.03	2.1	1273200	2.1	20	深华发Ａ	SZ1404	11/7/08	1.93	2.02	1.91	2	430600	2	20	深华发Ａ	SZ1405	11/6/08	1.97	2.08	1.94	1.98	420600	1.98	20	深华发Ａ	SZ1406	11/5/08	1.9	2	1.89	1.99	494400	1.99	20	深华发Ａ	SZ1407	11/4/08	1.87	1.92	1.87	1.91	299900	1.91	20	深华发Ａ	SZ1408	11/3/08	1.85	1.95	1.85	1.89	198100	1.89	20	深华发Ａ	SZ1409	10/31/08	1.93	1.95	1.89	1.91	390600	1.91	20	深华发Ａ	SZ1410	10/30/08	1.98	1.98	1.89	1.92	349400	1.92	20	深华发Ａ	SZ1411	10/29/08	2.05	2.05	1.93	1.94	427200	1.94	20	深华发Ａ	SZ1412	10/28/08	2	2.06	1.98	2.02	792700	2.02	20	深华发Ａ	SZ1413	10/27/08	2.17	2.17	2.08	2.08	416300	2.08	20	深华发Ａ	SZ1414	10/24/08	2.15	2.27	2.13	2.19	314800	2.19	20	深华发Ａ	SZ1415	10/23/08	2.15	2.2	2.1	2.19	291500	2.19	20	深华发Ａ	SZ1416	10/22/08	2.16	2.24	2.14	2.2	419800	2.2	20	深华发Ａ	SZ1417	10/21/08	2.22	2.25	2.18	2.19	386100	2.19	20	深华发Ａ	SZ1418	10/20/08	2.16	2.22	2.11	2.21	352000	2.21	20	深华发Ａ	SZ1419	10/17/08	2.14	2.16	2.07	2.16	522600	2.16	20	深华发Ａ	SZ1420	10/16/08	2.16	2.16	2.07	2.12	615000	2.12	20	深华发Ａ	SZ1421	10/15/08	2.12	2.22	2.11	2.16	424500	2.16	20	深华发Ａ	SZ1422	10/14/08	2.32	2.34	2.21	2.22	554600	2.22	20	深华发Ａ	SZ1423	10/13/08	2.24	2.34	2.14	2.28	720300	2.28	20	深华发Ａ	SZ1424	10/10/08	2.31	2.31	2.25	2.25	647400	2.25	20	深华发Ａ	SZ1425	10/9/08	2.44	2.47	2.37	2.37	511300	2.37	20	深华发Ａ	SZ1426	10/8/08	2.35	2.42	2.29	2.4	642800	2.4	20	深华发Ａ	SZ1427	10/7/08	2.32	2.4	2.31	2.38	1387000	2.38	20	深华发Ａ	SZ1428	10/6/08	2.66	2.66	2.41	2.43	2066800	2.43	20	深华发Ａ	SZ1429	10/3/08	2.53	2.53	2.53	2.53	0	2.53	20	深华发Ａ	SZ1430	10/2/08	2.53	2.53	2.53	2.53	0	2.53	20	深华发Ａ	SZ1431	10/1/08	2.53	2.53	2.53	2.53	0	2.53	20	深华发Ａ	SZ1432	9/30/08	2.53	2.53	2.53	2.53	0	2.53	20	深华发Ａ	SZ1433	9/29/08	2.53	2.53	2.53	2.53	0	2.53	20	深华发Ａ	SZ1434	9/26/08	2.53	2.53	2.53	2.53	864100	2.53	20	深华发Ａ	SZ1435	9/25/08	2.36	2.45	2.31	2.41	1023500	2.41	20	深华发Ａ	SZ1436	9/24/08	2.35	2.36	2.26	2.36	715700	2.36	20	深华发Ａ	SZ1437	9/23/08	2.45	2.45	2.38	2.38	1009600	2.38	20	深华发Ａ	SZ1438	9/22/08	2.5	2.5	2.41	2.5	2035600	2.5	20	深华发Ａ	SZ1439	9/19/08	2.38	2.38	2.38	2.38	90900	2.38	20	深华发Ａ	SZ1440	9/18/08	2.25	2.3	2.22	2.27	888100	2.27	20	深华发Ａ	SZ1441	9/17/08	2.3	2.42	2.3	2.34	837100	2.34	20	深华发Ａ	SZ1442	9/16/08	2.35	2.38	2.26	2.3	877700	2.3	20	深华发Ａ	SZ1443	9/15/08	2.33	2.33	2.33	2.33	0	2.33	20	深华发Ａ	SZ1444	9/12/08	2.38	2.44	2.33	2.33	1100600	2.33	20	深华发Ａ	SZ1445	9/11/08	2.59	2.59	2.45	2.45	1086300	2.45	20	深华发Ａ	SZ1446	9/10/08	2.59	2.64	2.52	2.58	494400	2.58	20	深华发Ａ	SZ1447	9/9/08	2.69	2.7	2.56	2.57	798700	2.57	20	深华发Ａ	SZ1448	9/8/08	2.83	2.85	2.69	2.69	775000	2.69	20	深华发Ａ	SZ1449	9/5/08	2.91	2.91	2.83	2.83	693400	2.83	20	深华发Ａ	SZ1450	9/4/08	2.98	2.98	2.98	2.98	0	2.98	20	深华发Ａ	SZ1451	9/3/08	2.95	3.03	2.9	2.98	890700	2.98	20	深华发Ａ	SZ1452	9/2/08	2.86	2.99	2.8	2.92	823500	2.92	20	深华发Ａ	SZ1453	9/1/08	2.9	2.94	2.8	2.85	663800	2.85	20	深华发Ａ	SZ1454	8/29/08	2.85	2.98	2.85	2.94	645600	2.94	20	深华发Ａ	SZ1455	8/28/08	2.81	2.9	2.77	2.85	785700	2.85	20	深华发Ａ	SZ1456	8/27/08	2.8	2.92	2.74	2.8	972900	2.8	20	深华发Ａ	SZ1457	8/26/08	3.01	3.06	2.85	2.88	1565300	2.88	20	深华发Ａ	SZ1458	8/25/08	2.92	3	2.83	3	800000	3	20	深华发Ａ	SZ1459	8/22/08	2.99	2.99	2.84	2.86	1214700	2.86	20	深华发Ａ	SZ1460	8/21/08	3.1	3.2	2.99	2.99	1335100	2.99	20	深华发Ａ	SZ1461	8/20/08	2.95	3.15	2.85	3.15	2418300	3.15	20	深华发Ａ	SZ1462	8/19/08	3	3.08	3	3	1488700	3	20	深华发Ａ	SZ1463	8/18/08	3.36	3.39	3.16	3.16	569700	3.16	20	深华发Ａ	SZ1464	8/15/08	3.35	3.4	3.23	3.33	737400	3.33	20	深华发Ａ	SZ1465	8/14/08	3.26	3.4	3.18	3.35	569100	3.35	20	深华发Ａ	SZ1466	8/13/08	3.33	3.43	3.33	3.33	1245100	3.33	20	深华发Ａ	SZ1467	8/12/08	3.5	3.58	3.5	3.5	1376200	3.5	20	深华发Ａ	SZ1468	8/11/08	3.74	3.74	3.68	3.68	750200	3.68	20	深华发Ａ	SZ1469	8/8/08	4.06	4.07	3.87	3.87	1075500	3.87	20	深华发Ａ	SZ1470	8/7/08	4.05	4.15	4	4.07	1088800	4.07	20	深华发Ａ	SZ1471	8/6/08	4.03	4.13	3.9	4.13	2252300	4.13	20	深华发Ａ	SZ1472	8/5/08	4.23	4.28	4.1	4.1	2331800	4.1	20	深华发Ａ	SZ1473	8/4/08	4.5	4.51	4.32	4.32	2964300	4.32	20	深华发Ａ	SZ1474	8/1/08	4.59	4.72	4.48	4.55	1715400	4.55	20	深华发Ａ	SZ1475	7/31/08	4.72	4.8	4.72	4.72	1898600	4.72	20	深华发Ａ	SZ1476	7/30/08	4.94	5.04	4.9	4.97	1471300	4.97	20	深华发Ａ	SZ1477	7/29/08	5.08	5.08	4.86	4.9	2281200	4.9	20	深华发Ａ	SZ1478	7/28/08	5.1	5.16	5.03	5.12	2750800	5.12	20	深华发Ａ	SZ1479	7/25/08	4.9	5.14	4.84	5.07	2641600	5.07	20	深华发Ａ	SZ1480	7/24/08	4.8	4.95	4.79	4.93	2261400	4.93	20	深华发Ａ	SZ1481	7/23/08	4.88	4.96	4.81	4.83	1764000	4.83	20	深华发Ａ	SZ1482	7/22/08	4.86	4.95	4.78	4.88	3186800	4.88	20	深华发Ａ	SZ1483	7/21/08	4.71	5.06	4.71	4.97	5032700	4.97	20	深华发Ａ	SZ1484	7/18/08	4.96	4.96	4.96	4.96	540900	4.96	20	深华发Ａ	SZ1485	7/17/08	5.22	5.22	5.22	5.22	35500	5.22	20	深华发Ａ	SZ1486	7/16/08	5.49	5.49	5.49	5.49	2100	5.49	20	深华发Ａ	SZ1487	7/15/08	5.78	5.78	5.78	5.78	36900	5.78	20	深华发Ａ	SZ1488	7/14/08	6.08	6.08	6.08	6.08	0	6.08	20	深华发Ａ	SZ1489	7/11/08	6.08	6.08	6.08	6.08	0	6.08	20	深华发Ａ	SZ1490	7/10/08	6.08	6.08	6.08	6.08	0	6.08	20	深华发Ａ	SZ1491	7/9/08	6.08	6.08	6.08	6.08	0	6.08	20	深华发Ａ	SZ1492	7/8/08	6.08	6.08	6.08	6.08	0	6.08	20	深华发Ａ	SZ1493	7/7/08	6.08	6.08	6.08	6.08	0	6.08	20	深华发Ａ	SZ1494	7/4/08	6.08	6.08	6.08	6.08	0	6.08	20	深华发Ａ	SZ1495	7/3/08	6.08	6.08	6.08	6.08	0	6.08	20	深华发Ａ	SZ1496	7/2/08	6.08	6.08	6.08	6.08	0	6.08	20	深华发Ａ	SZ1497	7/1/08	6.08	6.08	6.08	6.08	0	6.08	20	深华发Ａ	SZ1498	6/30/08	6.08	6.08	6.08	6.08	0	6.08	20	深华发Ａ	SZ1499	6/27/08	6.08	6.08	6.08	6.08	0	6.08	20	深华发Ａ	SZ1500	6/26/08	6.08	6.08	6.08	6.08	0	6.08	20	深华发Ａ	SZ1501	6/25/08	6.08	6.08	6.08	6.08	0	6.08	20	深华发Ａ	SZ1502	6/24/08	6.08	6.08	6.08	6.08	0	6.08	20	深华发Ａ	SZ1503	6/23/08	6.08	6.08	6.08	6.08	0	6.08	20	深华发Ａ	SZ1504	6/20/08	6.08	6.08	6.08	6.08	0	6.08	20	深华发Ａ	SZ1505	6/19/08	6.08	6.08	6.08	6.08	0	6.08	20	深华发Ａ	SZ1506	6/18/08	6.08	6.08	6.08	6.08	0	6.08	20	深华发Ａ	SZ1507	6/17/08	6.08	6.08	6.08	6.08	0	6.08	20	深华发Ａ	SZ1508	6/16/08	6.08	6.08	6.08	6.08	0	6.08	20	深华发Ａ	SZ1509	6/13/08	6.08	6.08	6.08	6.08	0	6.08	20	深华发Ａ	SZ1510	6/12/08	6.08	6.08	6.08	6.08	0	6.08	20	深华发Ａ	SZ1511	6/11/08	6.08	6.08	6.08	6.08	0	6.08	20	深华发Ａ	SZ1512	6/10/08	6.08	6.08	6.08	6.08	0	6.08	20	深华发Ａ	SZ1513	6/9/08	6.08	6.08	6.08	6.08	0	6.08	20	深华发Ａ	SZ1514	6/6/08	6.08	6.08	6.08	6.08	0	6.08	20	深华发Ａ	SZ1515	6/5/08	6.08	6.08	6.08	6.08	0	6.08	20	深华发Ａ	SZ1516	6/4/08	6.08	6.08	6.08	6.08	0	6.08	20	深华发Ａ	SZ1517	6/3/08	6.08	6.08	6.08	6.08	0	6.08	20	深华发Ａ	SZ1518	6/2/08	6.08	6.08	6.08	6.08	0	6.08	20	深华发Ａ	SZ1519	5/30/08	6.08	6.08	6.08	6.08	0	6.08	20	深华发Ａ	SZ1520	5/29/08	6.08	6.08	6.08	6.08	0	6.08	20	深华发Ａ	SZ1521	5/28/08	6.08	6.08	6.08	6.08	0	6.08	20	深华发Ａ	SZ1522	5/27/08	6.08	6.08	6.08	6.08	0	6.08	20	深华发Ａ	SZ1523	5/26/08	6.08	6.08	6.08	6.08	0	6.08	20	深华发Ａ	SZ1524	5/23/08	6.08	6.08	6.08	6.08	0	6.08	20	深华发Ａ	SZ1525	5/22/08	6.08	6.08	6.08	6.08	0	6.08	20	深华发Ａ	SZ1526	5/21/08	6.08	6.08	6.08	6.08	0	6.08	20	深华发Ａ	SZ1527	5/20/08	6.08	6.08	6.08	6.08	0	6.08	20	深华发Ａ	SZ1528	5/19/08	6.08	6.08	6.08	6.08	0	6.08	20	深华发Ａ	SZ1529	5/16/08	6.08	6.08	6.08	6.08	0	6.08	20	深华发Ａ	SZ1530	5/15/08	6.08	6.08	6.08	6.08	0	6.08	20	深华发Ａ	SZ1531	5/14/08	6.08	6.08	6.08	6.08	0	6.08	20	深华发Ａ	SZ1532	5/13/08	6.08	6.08	6.08	6.08	0	6.08	20	深华发Ａ	SZ1533	5/12/08	6.08	6.08	6.08	6.08	0	6.08	20	深华发Ａ	SZ1534	5/9/08	6.08	6.08	6.08	6.08	0	6.08	20	深华发Ａ	SZ1535	5/8/08	6.08	6.08	6.08	6.08	0	6.08	20	深华发Ａ	SZ1536	5/7/08	6.08	6.08	6.08	6.08	0	6.08	20	深华发Ａ	SZ1537	5/6/08	6.08	6.08	6.08	6.08	0	6.08	20	深华发Ａ	SZ1538	5/5/08	5.85	6.08	5.72	6.08	1695900	6.08	20	深华发Ａ	SZ1539	5/2/08	5.8	5.8	5.8	5.8	0	5.8	20	深华发Ａ	SZ1540	5/1/08	5.8	5.8	5.8	5.8	0	5.8	20	深华发Ａ	SZ1541	4/30/08	5.77	5.86	5.61	5.8	1851900	5.8	20	深华发Ａ	SZ1542	4/29/08	5.61	5.74	5.52	5.74	1979700	5.74	20	深华发Ａ	SZ1543	4/28/08	5.3	5.5	5.1	5.47	1084000	5.47	20	深华发Ａ	SZ1544	4/25/08	5.29	5.32	5.1	5.28	1374600	5.28	20	深华发Ａ	SZ1545	4/24/08	5.07	5.07	5	5.07	813300	5.07	20	深华发Ａ	SZ1546	4/23/08	4.6	4.83	4.55	4.83	929200	4.83	20	深华发Ａ	SZ1547	4/22/08	4.74	4.74	4.52	4.6	671200	4.6	20	深华发Ａ	SZ1548	4/21/08	5.05	5.11	4.67	4.76	876900	4.76	20	深华发Ａ	SZ1549	4/18/08	5.2	5.2	4.87	4.87	978700	4.87	20	深华发Ａ	SZ1550	4/17/08	5.43	5.49	5.13	5.13	758900	5.13	20	深华发Ａ	SZ1551	4/16/08	5.46	5.48	5.16	5.4	1008300	5.4	20	深华发Ａ	SZ1552	4/15/08	5.47	5.63	5.27	5.4	1717500	5.4	20	深华发Ａ	SZ1553	4/14/08	5.35	5.55	5.19	5.55	4524900	5.55	20	深华发Ａ	SZ1554	4/11/08	5.17	5.33	5.12	5.29	796400	5.29	20	深华发Ａ	SZ1555	4/10/08	5	5.14	4.94	5.13	723200	5.13	20	深华发Ａ	SZ1556	4/9/08	5.3	5.44	5.09	5.09	861900	5.09	20	深华发Ａ	SZ1557	4/8/08	5.28	5.47	5.25	5.36	981200	5.36	20	深华发Ａ	SZ1558	4/7/08	4.99	5.28	4.9	5.28	1034400	5.28	20	深华发Ａ	SZ1559	4/4/08	5.03	5.03	5.03	5.03	0	5.03	20	深华发Ａ	SZ1560	4/3/08	4.96	5.1	4.93	5.03	1280400	5.03	20	深华发Ａ	SZ1561	4/2/08	5.4	5.49	5.19	5.19	1185100	5.19	20	深华发Ａ	SZ1562	4/1/08	5.6	5.8	5.46	5.46	725500	5.46	20	深华发Ａ	SZ1563	3/31/08	5.88	5.98	5.71	5.75	803800	5.75	20	深华发Ａ	SZ1564	3/28/08	5.96	6.1	5.7	6.01	1210500	6.01	20	深华发Ａ	SZ1565	3/27/08	6.31	6.35	5.99	6	1044100	6	20	深华发Ａ	SZ1566	3/26/08	6.26	6.42	6.25	6.31	485100	6.31	20	深华发Ａ	SZ1567	3/25/08	6.15	6.35	6.1	6.27	753500	6.27	20	深华发Ａ	SZ1568	3/24/08	6.35	6.5	6.31	6.31	794400	6.31	20	深华发Ａ	SZ1569	3/21/08	6.22	6.47	6.22	6.33	1169700	6.33	20	深华发Ａ	SZ1570	3/20/08	6.13	6.37	5.93	6.3	1557800	6.3	20	深华发Ａ	SZ1571	3/19/08	6.02	6.38	6.02	6.24	1794700	6.24	20	深华发Ａ	SZ1572	3/18/08	6.4	6.54	6.32	6.32	776700	6.32	20	深华发Ａ	SZ1573	3/17/08	6.99	6.99	6.65	6.65	1157500	6.65	20	深华发Ａ	SZ1574	3/14/08	6.9	7.04	6.79	7	922800	7	20	深华发Ａ	SZ1575	3/13/08	7.37	7.37	7	7	1799900	7	20	深华发Ａ	SZ1576	3/12/08	7.35	7.4	7.2	7.37	1502700	7.37	20	深华发Ａ	SZ1577	3/11/08	7.14	7.29	7.06	7.27	1096900	7.27	20	深华发Ａ	SZ1578	3/10/08	7.41	7.5	7.1	7.16	1164200	7.16	20	深华发Ａ	SZ1579	3/7/08	7.36	7.56	7.16	7.43	2071300	7.43	20	深华发Ａ	SZ1580	3/6/08	7.3	7.46	7.28	7.4	2285100	7.4	20	深华发Ａ	SZ1581	3/5/08	7.26	7.33	7.08	7.28	1474900	7.28	20	深华发Ａ	SZ1582	3/4/08	7.3	7.37	7.18	7.27	2384100	7.27	20	深华发Ａ	SZ1583	3/3/08	7.05	7.44	7.03	7.35	3436000	7.35	20	深华发Ａ	SZ1584	2/29/08	7.08	7.15	7	7.09	1192800	7.09	20	深华发Ａ	SZ1585	2/28/08	7.05	7.1	6.9	6.99	922000	6.99	20	深华发Ａ	SZ1586	2/27/08	6.8	7.11	6.8	7.05	1806700	7.05	20	深华发Ａ	SZ1587	2/26/08	6.75	6.89	6.61	6.85	1431900	6.85	20	深华发Ａ	SZ1588	2/25/08	6.99	7.09	6.66	6.66	929800	6.66	20	深华发Ａ	SZ1589	2/22/08	7.13	7.25	6.91	7.01	1162800	7.01	20	深华发Ａ	SZ1590	2/21/08	7.1	7.16	6.98	7.08	1388500	7.08	20	深华发Ａ	SZ1591	2/20/08	7.27	7.27	7.06	7.07	922700	7.07	20	深华发Ａ	SZ1592	2/19/08	7.05	7.24	7.02	7.2	1023200	7.2	20	深华发Ａ	SZ1593	2/18/08	6.95	7.12	6.95	7.05	1244700	7.05	20	深华发Ａ	SZ1594	2/15/08	7.02	7.02	6.81	6.89	472300	6.89	20	深华发Ａ	SZ1595	2/14/08	6.98	7.07	6.94	7.03	694700	7.03	20	深华发Ａ	SZ1596	2/13/08	6.78	7.06	6.78	6.93	575800	6.93	20	深华发Ａ	SZ1597	2/12/08	6.97	6.97	6.97	6.97	0	6.97	20	深华发Ａ	SZ1598	2/11/08	6.97	6.97	6.97	6.97	0	6.97	20	深华发Ａ	SZ1599	2/8/08	6.97	6.97	6.97	6.97	0	6.97	20	深华发Ａ	SZ1600	2/7/08	6.97	6.97	6.97	6.97	0	6.97	20	深华发Ａ	SZ1601	2/6/08	6.97	6.97	6.97	6.97	0	6.97	20	深华发Ａ	SZ1602	2/5/08	6.88	7.03	6.85	6.97	914800	6.97	20	深华发Ａ	SZ1603	2/4/08	6.68	6.95	6.68	6.95	1990600	6.95	20	深华发Ａ	SZ1604	2/1/08	6.88	6.91	6.61	6.62	1475900	6.62	20	深华发Ａ	SZ1605	1/31/08	6.89	6.96	6.75	6.96	2229700	6.96	20	深华发Ａ	SZ1606	1/30/08	6.65	6.73	6.41	6.63	856400	6.63	20	深华发Ａ	SZ1607	1/29/08	6.49	6.66	6.34	6.5	1333600	6.5	20	深华发Ａ	SZ1608	1/28/08	7.03	7.14	6.67	6.67	1113500	6.67	20	深华发Ａ	SZ1609	1/25/08	7.16	7.26	6.93	7.02	968400	7.02	20	深华发Ａ	SZ1610	1/24/08	7.05	7.25	6.91	7.18	1873900	7.18	20	深华发Ａ	SZ1611	1/23/08	6.73	7.06	6.73	7.01	2015000	7.01	20	深华发Ａ	SZ1612	1/22/08	7.35	7.35	7.08	7.08	969400	7.08	20	深华发Ａ	SZ1613	1/21/08	7.84	7.91	7.45	7.45	1425200	7.45	20	深华发Ａ	SZ1614	1/18/08	7.66	7.91	7.66	7.84	1513500	7.84	20	深华发Ａ	SZ1615	1/17/08	7.95	8.06	7.6	7.63	2517500	7.63	20	深华发Ａ	SZ1616	1/16/08	8.27	8.27	7.99	8	2157900	8	20	深华发Ａ	SZ1617	1/15/08	8.18	8.3	8.07	8.3	2751800	8.3	20	深华发Ａ	SZ1618	1/14/08	8.14	8.25	8	8.17	2515400	8.17	20	深华发Ａ	SZ1619	1/11/08	8.15	8.2	7.88	8.14	2793600	8.14	20	深华发Ａ	SZ1620	1/10/08	8.3	8.65	8.13	8.19	6951500	8.19	20	深华发Ａ	SZ1621	1/9/08	7.81	8.35	7.75	8.25	5383600	8.25	20	深华发Ａ	SZ1622	1/8/08	8.08	8.3	7.8	7.95	5268400	7.95	20	深华发Ａ	SZ1623	1/7/08	8.1	8.3	7.93	8.08	3887000	8.08	20	深华发Ａ	SZ1624	1/4/08	7.69	8	7.69	8	4400500	8	20	深华发Ａ	SZ1625	1/3/08	7.62	7.62	7.62	7.62	0	7.62	20	深华发Ａ	SZ1626	1/2/08	7.55	7.75	7.42	7.62	1811400	7.62	20	深华发Ａ	SZ1627	1/1/08	7.49	7.49	7.49	7.49	0	7.49	20	深华发Ａ	SZ1628	12/31/07	7.49	7.49	7.49	7.49	0	7.49	20	深华发Ａ	SZ1629	12/28/07	7.36	7.56	7.33	7.49	2264600	7.49	20	深华发Ａ	SZ1630	12/27/07	7.35	7.48	7.28	7.36	2178300	7.36	20	深华发Ａ	SZ1631	12/26/07	7.16	7.37	7.14	7.31	2108000	7.31	20	深华发Ａ	SZ1632	12/25/07	7.22	7.25	7.12	7.15	1400400	7.15	20	深华发Ａ	SZ1633	12/24/07	7.23	7.4	7.11	7.18	1454400	7.18	20	深华发Ａ	SZ1634	12/21/07	7.09	7.31	7.01	7.24	1970000	7.24	20	深华发Ａ	SZ1635	12/20/07	6.78	7.12	6.71	7.12	3193200	7.12	20	深华发Ａ	SZ1636	12/19/07	6.73	6.81	6.68	6.78	1128100	6.78	20	深华发Ａ	SZ1637	12/18/07	6.9	6.9	6.71	6.71	1702600	6.71	20	深华发Ａ	SZ1638	12/17/07	6.98	7.17	6.95	7.06	1285300	7.06	20	深华发Ａ	SZ1639	12/14/07	6.77	6.99	6.75	6.99	848900	6.99	20	深华发Ａ	SZ1640	12/13/07	7.08	7.17	6.81	6.82	1131600	6.82	20	深华发Ａ	SZ1641	12/12/07	6.9	7.2	6.9	7.13	1656100	7.13	20	深华发Ａ	SZ1642	12/11/07	6.91	6.95	6.83	6.93	1163000	6.93	20	深华发Ａ	SZ1643	12/10/07	6.7	6.95	6.65	6.89	1245100	6.89	20	深华发Ａ	SZ1644	12/7/07	6.63	6.8	6.63	6.8	1046600	6.8	20	深华发Ａ	SZ1645	12/6/07	6.62	6.7	6.5	6.65	972700	6.65	20	深华发Ａ	SZ1646	12/5/07	6.59	6.69	6.54	6.62	718400	6.62	20	深华发Ａ	SZ1647	12/4/07	6.65	6.72	6.55	6.69	769700	6.69	20	深华发Ａ	SZ1648	12/3/07	6.48	6.66	6.43	6.65	645200	6.65	20	深华发Ａ	SZ1649	11/30/07	6.67	6.68	6.46	6.54	545300	6.54	20	深华发Ａ	SZ1650	11/29/07	6.65	6.7	6.52	6.66	852800	6.66	20	深华发Ａ	SZ1651	11/28/07	6.54	6.6	6.41	6.58	654200	6.58	20	深华发Ａ	SZ1652	11/27/07	6.55	6.65	6.42	6.43	874400	6.43	20	深华发Ａ	SZ1653	11/26/07	6.81	6.84	6.6	6.67	908500	6.67	20	深华发Ａ	SZ1654	11/23/07	6.61	6.86	6.41	6.86	1827500	6.86	20	深华发Ａ	SZ1655	11/22/07	7	7	6.64	6.75	906300	6.75	20	深华发Ａ	SZ1656	11/21/07	7.18	7.18	6.85	6.99	989500	6.99	20	深华发Ａ	SZ1657	11/20/07	6.98	7.18	6.91	7.14	1600000	7.14	20	深华发Ａ	SZ1658	11/19/07	7.05	7.05	6.76	7.02	1587800	7.02	20	深华发Ａ	SZ1659	11/16/07	6.81	6.87	6.66	6.87	1262800	6.87	20	深华发Ａ	SZ1660	11/15/07	6.91	6.93	6.78	6.86	802300	6.86	20	深华发Ａ	SZ1661	11/14/07	6.79	6.93	6.69	6.92	1482400	6.92	20	深华发Ａ	SZ1662	11/13/07	6.85	7	6.55	6.83	1095400	6.83	20	深华发Ａ	SZ1663	11/12/07	6.79	7.07	6.71	6.89	1121500	6.89	20	深华发Ａ	SZ1664	11/9/07	6.85	7.1	6.8	7.06	1553900	7.06	20	深华发Ａ	SZ1665	11/8/07	7.15	7.3	6.95	6.96	1852100	6.96	20	深华发Ａ	SZ1666	11/7/07	7.01	7.18	6.97	7.1	1293700	7.1	20	深华发Ａ	SZ1667	11/6/07	7	7.07	6.71	7.05	1063500	7.05	20	深华发Ａ	SZ1668	11/5/07	6.8	6.91	6.6	6.87	862600	6.87	20	深华发Ａ	SZ1669	11/2/07	6.71	6.99	6.7	6.83	1783700	6.83	20	深华发Ａ	SZ1670	11/1/07	7.29	7.29	6.93	7.05	1869400	7.05	20	深华发Ａ	SZ1671	10/31/07	6.9	7.34	6.9	7.29	2429600	7.29	20	深华发Ａ	SZ1672	10/30/07	7	7.05	6.75	7	1774100	7	20	深华发Ａ	SZ1673	10/29/07	6.9	7.11	6.75	7.11	2211000	7.11	20	深华发Ａ	SZ1674	10/26/07	7.11	7.23	7.11	7.11	1454200	7.11	20	深华发Ａ	SZ1675	10/25/07	7.67	8.03	7.48	7.48	1905000	7.48	20	深华发Ａ	SZ1676	10/24/07	8.3	8.3	7.66	7.87	2915400	7.87	20	深华发Ａ	SZ1677	10/23/07	8.3	8.5	7.9	8.02	3812600	8.02	20	深华发Ａ	SZ1678	10/22/07	7.99	8.38	7.83	8.25	6317800	8.25	20	深华发Ａ	SZ1679	10/19/07	7.8	8.19	7.66	8.19	6579500	8.19	20	深华发Ａ	SZ1680	10/18/07	7.7	8.05	7.54	7.8	2858800	7.8	20	深华发Ａ	SZ1681	10/17/07	7.72	7.83	7.43	7.75	1721700	7.75	20	深华发Ａ	SZ1682	10/16/07	7.83	8	7.59	7.64	1304800	7.64	20	深华发Ａ	SZ1683	10/15/07	7.81	7.81	7.81	7.81	0	7.81	20	深华发Ａ	SZ1684	10/12/07	7.61	7.85	7.3	7.81	4745200	7.81	20	深华发Ａ	SZ1685	10/11/07	7.62	7.77	7.28	7.67	4883600	7.67	20	深华发Ａ	SZ1686	10/10/07	7.87	7.96	7.61	7.66	1571400	7.66	20	深华发Ａ	SZ1687	10/9/07	7.79	7.92	7.7	7.88	1790200	7.88	20	深华发Ａ	SZ1688	10/8/07	8.1	8.15	7.8	7.8	2409700	7.8	20	深华发Ａ	SZ1689	10/5/07	7.98	7.98	7.98	7.98	0	7.98	20	深华发Ａ	SZ1690	10/4/07	7.98	7.98	7.98	7.98	0	7.98	20	深华发Ａ	SZ1691	10/3/07	7.98	7.98	7.98	7.98	0	7.98	20	深华发Ａ	SZ1692	10/2/07	7.98	7.98	7.98	7.98	0	7.98	20	深华发Ａ	SZ1693	10/1/07	7.98	7.98	7.98	7.98	0	7.98	20	深华发Ａ	SZ1694	9/28/07	7.99	8.19	7.86	7.98	2804000	7.98	20	深华发Ａ	SZ1695	9/27/07	7.85	8.15	7.82	7.98	4014800	7.98	20	深华发Ａ	SZ1696	9/26/07	7.99	8.15	7.69	7.81	2839000	7.81	20	深华发Ａ	SZ1697	9/25/07	8.23	8.24	7.86	8	4642300	8	20	深华发Ａ	SZ1698	9/24/07	8.16	8.57	8.01	8.27	8570700	8.27	20	深华发Ａ	SZ1699	9/21/07	8.16	8.16	8.01	8.16	5451200	8.16	20	深华发Ａ	SZ1700	9/20/07	7.43	7.77	7.43	7.77	2383700	7.77	20	深华发Ａ	SZ1701	9/19/07	7.64	7.79	7.4	7.4	2584800	7.4	20	深华发Ａ	SZ1702	9/18/07	7.8	7.98	7.56	7.68	3828200	7.68	20	深华发Ａ	SZ1703	9/17/07	7.8	8.14	7.8	7.85	5084100	7.85	20	深华发Ａ	SZ1704	9/14/07	7.56	7.93	7.56	7.81	3988500	7.81	20	深华发Ａ	SZ1705	9/13/07	7.47	7.68	7.42	7.59	2216000	7.59	20	深华发Ａ	SZ1706	9/12/07	7.5	7.7	7.32	7.48	4398000	7.48	20	深华发Ａ	SZ1707	9/11/07	7.61	8.14	7.61	7.7	7267700	7.7	20	深华发Ａ	SZ1708	9/10/07	7.49	7.83	7.27	7.75	3245800	7.75	20	深华发Ａ	SZ1709	9/7/07	7.98	7.99	7.65	7.65	3948300	7.65	20	深华发Ａ	SZ1710	9/6/07	8.04	8.17	7.81	8.05	4798500	8.05	20	深华发Ａ	SZ1711	9/5/07	7.75	8.2	7.65	8.02	6001800	8.02	20	深华发Ａ	SZ1712	9/4/07	7.79	7.96	7.56	7.81	9396000	7.81	20	深华发Ａ	SZ1713	9/3/07	7.25	7.58	7.25	7.58	3944900	7.58	20	深华发Ａ	SZ1714	8/31/07	7.19	7.38	7.09	7.22	3822000	7.22	20	深华发Ａ	SZ1715	8/30/07	6.8	7.12	6.77	7.12	3194900	7.12	20	深华发Ａ	SZ1716	8/29/07	7.01	7.04	6.71	6.78	4144700	6.78	20	深华发Ａ	SZ1717	8/28/07	7.45	7.45	7.06	7.06	4578300	7.06	20	深华发Ａ	SZ1718	8/27/07	7.6	7.81	7.3	7.43	5112000	7.43	20	深华发Ａ	SZ1719	8/24/07	7.13	7.53	7.1	7.53	6189700	7.53	20	深华发Ａ	SZ1720	8/23/07	7.4	7.43	7.16	7.17	6006300	7.17	20	深华发Ａ	SZ1721	8/22/07	6.76	7.17	6.68	7.17	3952500	7.17	20	深华发Ａ	SZ1722	8/21/07	6.77	6.88	6.77	6.83	3700200	6.83	20	深华发Ａ	SZ1723	8/20/07	6.71	6.81	6.64	6.75	2523600	6.75	20	深华发Ａ	SZ1724	8/17/07	6.78	6.92	6.56	6.61	2631800	6.61	20	深华发Ａ	SZ1725	8/16/07	6.72	6.95	6.61	6.83	2797500	6.83	20	深华发Ａ	SZ1726	8/15/07	6.96	6.97	6.61	6.72	3663300	6.72	20	深华发Ａ	SZ1727	8/14/07	6.55	6.93	6.48	6.93	5178700	6.93	20	深华发Ａ	SZ1728	8/13/07	6.4	6.64	6.36	6.6	3376300	6.6	20	深华发Ａ	SZ1729	8/10/07	6.5	6.6	6.19	6.43	3343500	6.43	20	深华发Ａ	SZ1730	8/9/07	6.15	6.35	6.12	6.35	1152100	6.35	20	深华发Ａ	SZ1731	8/8/07	6.26	6.27	5.98	6.05	2583300	6.05	20	深华发Ａ	SZ1732	8/7/07	6.6	6.6	6.29	6.29	2724300	6.29	20	深华发Ａ	SZ1733	8/6/07	6.38	6.67	6.38	6.6	2888400	6.6	20	深华发Ａ	SZ1734	8/3/07	6.26	6.46	6.23	6.39	2586600	6.39	20	深华发Ａ	SZ1735	8/2/07	6.39	6.53	6.07	6.3	3717600	6.3	20	深华发Ａ	SZ1736	8/1/07	6.41	6.69	6.3	6.39	4454800	6.39	20	深华发Ａ	SZ1737	7/31/07	6.47	6.55	6.26	6.4	4524800	6.4	20	深华发Ａ	SZ1738	7/30/07	6.5	6.78	6.45	6.59	4139300	6.59	20	深华发Ａ	SZ1739	7/27/07	6.2	6.55	6.14	6.53	4055200	6.53	20	深华发Ａ	SZ1740	7/26/07	6	6.3	5.93	6.25	4624600	6.25	20	深华发Ａ	SZ1741	7/25/07	5.81	6.02	5.8	6	2692700	6	20	深华发Ａ	SZ1742	7/24/07	6.05	6.1	5.85	5.87	4082600	5.87	20	深华发Ａ	SZ1743	7/23/07	5.8	6.1	5.72	6.03	4316300	6.03	20	深华发Ａ	SZ1744	7/20/07	5.74	5.98	5.61	5.84	4871800	5.84	20	深华发Ａ	SZ1745	7/19/07	5.71	5.71	5.62	5.71	4841600	5.71	20	深华发Ａ	SZ1746	7/18/07	5.44	5.44	5.44	5.44	0	5.44	20	深华发Ａ	SZ1747	7/17/07	5.15	5.44	5.1	5.44	1140500	5.44	20	深华发Ａ	SZ1748	7/16/07	5.36	5.5	5.18	5.18	1234000	5.18	20	深华发Ａ	SZ1749	7/13/07	5.6	5.6	5.36	5.45	1001800	5.45	20	深华发Ａ	SZ1750	7/12/07	5.76	5.76	5.46	5.6	2278800	5.6	20	深华发Ａ	SZ1751	7/11/07	5.39	5.65	5.33	5.65	3191400	5.65	20	深华发Ａ	SZ1752	7/10/07	5.52	5.57	5.3	5.38	3037600	5.38	20	深华发Ａ	SZ1753	7/9/07	5.39	5.64	5.3	5.58	3243200	5.58	20	深华发Ａ	SZ1754	7/6/07	5.21	5.5	4.99	5.4	3460400	5.4	20	深华发Ａ	SZ1755	7/5/07	5.3	5.4	5.25	5.25	3322000	5.25	20	深华发Ａ	SZ1756	7/4/07	5.82	5.84	5.53	5.53	2817900	5.53	20	深华发Ａ	SZ1757	7/3/07	5.78	6.04	5.72	5.82	4357100	5.82	20	深华发Ａ	SZ1758	7/2/07	6.02	6.13	6.02	6.02	875600	6.02	20	深华发Ａ	SZ1759	6/29/07	6.34	6.34	6.34	6.34	0	6.34	20	深华发Ａ	SZ1760	6/28/07	6.5	6.72	6.34	6.34	2381800	6.34	20	深华发Ａ	SZ1761	6/27/07	6.5	6.68	6.26	6.67	4213500	6.67	20	深华发Ａ	SZ1762	6/26/07	6.59	6.77	6.59	6.59	1599800	6.59	20	深华发Ａ	SZ1763	6/25/07	7	7.1	6.94	6.94	3971800	6.94	20	深华发Ａ	SZ1764	6/22/07	7.69	7.84	7.3	7.3	2710700	7.3	20	深华发Ａ	SZ1765	6/21/07	8.04	8.04	7.55	7.68	3407400	7.68	20	深华发Ａ	SZ1766	6/20/07	8.35	8.4	7.95	7.95	5429200	7.95	20	深华发Ａ	SZ1767	6/19/07	7.96	8.37	7.9	8.37	5459200	8.37	20	深华发Ａ	SZ1768	6/18/07	7.9	8.12	7.83	7.97	3912800	7.97	20	深华发Ａ	SZ1769	6/15/07	8.11	8.33	7.9	7.9	4841600	7.9	20	深华发Ａ	SZ1770	6/14/07	8.4	8.41	8.11	8.32	8595000	8.32	20	深华发Ａ	SZ1771	6/13/07	7.57	8.01	7.51	8.01	6079700	8.01	20	深华发Ａ	SZ1772	6/12/07	8.05	8.09	7.58	7.63	6277700	7.63	20	深华发Ａ	SZ1773	6/11/07	8.4	8.49	7.97	7.98	6205700	7.98	20	深华发Ａ	SZ1774	6/8/07	8.15	8.39	8.03	8.39	6630000	8.39	20	深华发Ａ	SZ1775	6/7/07	7.76	8	7.74	7.99	8809400	7.99	20	深华发Ａ	SZ1776	6/6/07	8.15	8.68	8.15	8.15	8277500	8.15	20	深华发Ａ	SZ1777	6/5/07	8.58	8.58	8.58	8.58	65700	8.58	20	深华发Ａ	SZ1778	6/4/07	9.03	9.03	9.03	9.03	105000	9.03	20	深华发Ａ	SZ1779	6/1/07	9.5	9.5	9.5	9.5	102500	9.5	20	深华发Ａ	SZ1780	5/31/07	10	10	10	10	299100	10	20	深华发Ａ	SZ1781	5/30/07	10.53	10.79	10.53	10.53	2581000	10.53	20	深华发Ａ	SZ1782	5/29/07	11.25	11.35	10.98	11.08	5248500	11.08	20	深华发Ａ	SZ1783	5/28/07	11.03	11.5	11.03	11.22	5930000	11.22	20	深华发Ａ	SZ1784	5/25/07	11.33	11.78	10.95	11.14	5476100	11.14	20	深华发Ａ	SZ1785	5/24/07	11.92	11.99	11.39	11.45	6752000	11.45	20	深华发Ａ	SZ1786	5/23/07	12.1	12.34	11.89	11.99	8718300	11.99	20	深华发Ａ	SZ1787	5/22/07	11.7	12	11.5	11.93	10393900	11.93	20	深华发Ａ	SZ1788	5/21/07	11.16	12.32	11.16	11.95	13693200	11.95	20	深华发Ａ	SZ1789	5/18/07	11.11	14.8	11	11.75	29127300	11.75	20	深华发Ａ	SZ1790	5/17/07	3.26	3.26	3.26	3.26	0	2.84	20	深华发Ａ	SZ1791	5/16/07	3.26	3.26	3.26	3.26	0	2.84	20	深华发Ａ	SZ1792	5/15/07	3.26	3.26	3.26	3.26	0	2.84	20	深华发Ａ	SZ1793	5/14/07	3.26	3.26	3.26	3.26	0	2.84	20	深华发Ａ	SZ1794	5/11/07	3.26	3.26	3.26	3.26	0	2.84	20	深华发Ａ	SZ1795	5/10/07	3.26	3.26	3.26	3.26	0	2.84	20	深华发Ａ	SZ1796	5/9/07	3.26	3.26	3.26	3.26	0	2.84	20	深华发Ａ	SZ1797	5/8/07	3.26	3.26	3.26	3.26	0	2.84	20	深华发Ａ	SZ1798	5/7/07	3.26	3.26	3.26	3.26	0	2.84	20	深华发Ａ	SZ1799	5/4/07	3.26	3.26	3.26	3.26	0	2.84	20	深华发Ａ	SZ1800	5/3/07	3.26	3.26	3.26	3.26	0	2.84	20	深华发Ａ	SZ1801	5/2/07	3.26	3.26	3.26	3.26	0	2.84	20	深华发Ａ	SZ1802	5/1/07	3.26	3.26	3.26	3.26	0	2.84	20	深华发Ａ	SZ1803	4/30/07	3.26	3.26	3.26	3.26	0	2.84	20	深华发Ａ	SZ1804	4/27/07	3.26	3.26	3.26	3.26	0	2.84	20	深华发Ａ	SZ1805	4/26/07	3.26	3.26	3.26	3.26	0	2.84	20	深华发Ａ	SZ1806	4/25/07	3.26	3.26	3.26	3.26	0	2.84	20	深华发Ａ	SZ1807	4/24/07	3.26	3.26	3.26	3.26	0	2.84	20	深华发Ａ	SZ1808	4/23/07	3.26	3.26	3.26	3.26	0	2.84	20	深华发Ａ	SZ1809	4/20/07	3.26	3.26	3.26	3.26	0	2.84	20	深华发Ａ	SZ1810	4/19/07	3.26	3.26	3.26	3.26	0	2.84	20	深华发Ａ	SZ1811	4/18/07	3.26	3.26	3.26	3.26	0	2.84	20	深华发Ａ	SZ1812	4/17/07	3.26	3.26	3.26	3.26	0	2.84	20	深华发Ａ	SZ1813	4/16/07	3.26	3.26	3.26	3.26	0	2.84	20	深华发Ａ	SZ1814	4/13/07	3.26	3.26	3.26	3.26	0	2.84	20	深华发Ａ	SZ1815	4/12/07	3.26	3.26	3.26	3.26	0	2.84	20	深华发Ａ	SZ1816	4/11/07	3.26	3.26	3.26	3.26	0	2.84	20	深华发Ａ	SZ1817	4/10/07	3.26	3.26	3.26	3.26	0	2.84	20	深华发Ａ	SZ1818	4/9/07	3.26	3.26	3.26	3.26	0	2.84	20	深华发Ａ	SZ1819	4/6/07	3.26	3.26	3.26	3.26	0	2.84	20	深华发Ａ	SZ1820	4/5/07	3.26	3.26	3.26	3.26	0	2.84	20	深华发Ａ	SZ1821	4/4/07	3.26	3.26	3.26	3.26	0	2.84	20	深华发Ａ	SZ1822	4/3/07	3.26	3.26	3.26	3.26	0	2.84	20	深华发Ａ	SZ1823	4/2/07	3.26	3.26	3.26	3.26	0	2.84	20	深华发Ａ	SZ1824	3/30/07	3.26	3.26	3.26	3.26	0	2.84	20	深华发Ａ	SZ1825	3/29/07	3.26	3.26	3.26	3.26	0	2.84	20	深华发Ａ	SZ1826	3/28/07	3.26	3.26	3.26	3.26	0	2.84	20	深华发Ａ	SZ1827	3/27/07	3.26	3.26	3.26	3.26	0	2.84	20	深华发Ａ	SZ1828	3/26/07	3.26	3.26	3.26	3.26	0	2.84	20	深华发Ａ	SZ1829	3/23/07	3.26	3.26	3.26	3.26	0	2.84	20	深华发Ａ	SZ1830	3/22/07	3.26	3.26	3.26	3.26	0	2.84	20	深华发Ａ	SZ1831	3/21/07	3.26	3.26	3.26	3.26	0	2.84	20	深华发Ａ	SZ1832	3/20/07	3.26	3.26	3.26	3.26	0	2.84	20	深华发Ａ	SZ1833	3/19/07	3.26	3.26	3.26	3.26	0	2.84	20	深华发Ａ	SZ1834	3/16/07	3.26	3.26	3.26	3.26	0	2.84	20	深华发Ａ	SZ1835	3/15/07	3.26	3.26	3.26	3.26	0	2.84	20	深华发Ａ	SZ1836	3/14/07	3.26	3.26	3.26	3.26	0	2.84	20	深华发Ａ	SZ1837	3/13/07	3.26	3.26	3.26	3.26	0	2.84	20	深华发Ａ	SZ1838	3/12/07	3.26	3.26	3.26	3.26	0	2.84	20	深华发Ａ	SZ1839	3/9/07	3.26	3.26	3.26	3.26	0	2.84	20	深华发Ａ	SZ1840	3/8/07	3.26	3.26	3.26	3.26	0	2.84	20	深华发Ａ	SZ1841	3/7/07	3.26	3.26	3.26	3.26	0	2.84	20	深华发Ａ	SZ1842	3/6/07	3.26	3.26	3.26	3.26	0	2.84	20	深华发Ａ	SZ1843	3/5/07	3.26	3.26	3.26	3.26	0	2.84	20	深华发Ａ	SZ1844	3/2/07	3.26	3.26	3.26	3.26	0	2.84	20	深华发Ａ	SZ1845	3/1/07	3.26	3.26	3.26	3.26	0	2.84	20	深华发Ａ	SZ1846	2/28/07	3.26	3.26	3.26	3.26	0	2.84	20	深华发Ａ	SZ1847	2/27/07	3.26	3.26	3.26	3.26	0	2.84	20	深华发Ａ	SZ1848	2/26/07	3.26	3.26	3.26	3.26	0	2.84	20	深华发Ａ	SZ1849	2/23/07	3.26	3.26	3.26	3.26	0	2.84	20	深华发Ａ	SZ1850	2/22/07	3.26	3.26	3.26	3.26	0	2.84	20	深华发Ａ	SZ1851	2/21/07	3.26	3.26	3.26	3.26	0	2.84	20	深华发Ａ	SZ1852	2/20/07	3.26	3.26	3.26	3.26	0	2.84	20	深华发Ａ	SZ1853	2/19/07	3.26	3.26	3.26	3.26	0	2.84	20	深华发Ａ	SZ1854	2/16/07	3.26	3.26	3.26	3.26	0	2.84	20	深华发Ａ	SZ1855	2/15/07	3.26	3.26	3.26	3.26	0	2.84	20	深华发Ａ	SZ1856	2/14/07	3.26	3.26	3.26	3.26	0	2.84	20	深华发Ａ	SZ1857	2/13/07	3.26	3.26	3.26	3.26	0	2.84	20	深华发Ａ	SZ1858	2/12/07	3.26	3.26	3.26	3.26	0	2.84	20	深华发Ａ	SZ1859	2/9/07	3.26	3.26	3.26	3.26	0	2.84	20	深华发Ａ	SZ1860	2/8/07	3.26	3.26	3.26	3.26	0	2.84	20	深华发Ａ	SZ1861	2/7/07	3.26	3.26	3.26	3.26	0	2.84	20	深华发Ａ	SZ1862	2/6/07	3.26	3.26	3.26	3.26	0	2.84	20	深华发Ａ	SZ1863	2/5/07	3.26	3.26	3.26	3.26	0	2.84	20	深华发Ａ	SZ1864	2/2/07	3.26	3.26	3.26	3.26	0	2.84	20	深华发Ａ	SZ1865	2/1/07	3.26	3.26	3.26	3.26	0	2.84	20	深华发Ａ	SZ1866	1/31/07	3.26	3.26	3.26	3.26	0	2.84	20	深华发Ａ	SZ1867	1/30/07	3.26	3.26	3.26	3.26	0	2.84	20	深华发Ａ	SZ1868	1/29/07	3.26	3.26	3.26	3.26	0	2.84	20	深华发Ａ	SZ1869	1/26/07	3.26	3.26	3.26	3.26	0	2.84	20	深华发Ａ	SZ1870	1/25/07	3.26	3.26	3.26	3.26	0	2.84	20	深华发Ａ	SZ1871	1/24/07	3.26	3.26	3.26	3.26	0	2.84	20	深华发Ａ	SZ1872	1/23/07	3.26	3.26	3.26	3.26	0	2.84	20	深华发Ａ	SZ1873	1/22/07	3.26	3.26	3.26	3.26	0	2.84	20	深华发Ａ	SZ1874	1/19/07	3.26	3.26	3.26	3.26	0	2.84	20	深华发Ａ	SZ1875	1/18/07	3.26	3.26	3.26	3.26	0	2.84	20	深华发Ａ	SZ1876	1/17/07	3.26	3.26	3.26	3.26	0	2.84	20	深华发Ａ	SZ1877	1/16/07	3.26	3.26	3.26	3.26	0	2.84	20	深华发Ａ	SZ1878	1/15/07	3.26	3.26	3.26	3.26	0	2.84	20	深华发Ａ	SZ1879	1/12/07	3.26	3.26	3.26	3.26	0	2.84	20	深华发Ａ	SZ1880	1/11/07	3.26	3.26	3.26	3.26	0	2.84	20	深华发Ａ	SZ1881	1/10/07	3.26	3.26	3.26	3.26	0	2.84	20	深华发Ａ	SZ1882	1/9/07	3.26	3.26	3.26	3.26	0	2.84	20	深华发Ａ	SZ1883	1/8/07	3.26	3.26	3.26	3.26	0	2.84	20	深华发Ａ	SZ1884	1/5/07	3.26	3.26	3.26	3.26	0	2.84	20	深华发Ａ	SZ1885	1/4/07	3.26	3.26	3.26	3.26	0	2.84	20	深华发Ａ	SZ1886	1/3/07	3.26	3.26	3.26	3.26	0	2.84	20	深华发Ａ	SZ1887	1/2/07	3.26	3.26	3.26	3.26	0	2.84	20	深华发Ａ	SZ1888	1/1/07	3.26	3.26	3.26	3.26	0	2.84	20	深华发Ａ	SZ1889	12/29/06	3.26	3.26	3.26	3.26	0	2.84	20	深华发Ａ	SZ1890	12/28/06	3.26	3.26	3.26	3.26	0	2.84	20	深华发Ａ	SZ1891	12/27/06	3.26	3.26	3.26	3.26	0	2.84	20	深华发Ａ	SZ1892	12/26/06	3.26	3.26	3.26	3.26	0	2.84	20	深华发Ａ	SZ1893	12/25/06	3.26	3.26	3.26	3.26	0	2.84	20	深华发Ａ	SZ1894	12/22/06	3.26	3.26	3.26	3.26	0	2.84	20	深华发Ａ	SZ1895	12/21/06	3.26	3.26	3.26	3.26	0	2.84	20	深华发Ａ	SZ1896	12/20/06	3.26	3.26	3.26	3.26	0	2.84	20	深华发Ａ	SZ1897	12/19/06	3.26	3.26	3.26	3.26	0	2.84	20	深华发Ａ	SZ1898	12/18/06	3.26	3.26	3.26	3.26	0	2.84	20	深华发Ａ	SZ1899	12/15/06	3.26	3.26	3.26	3.26	0	2.84	20	深华发Ａ	SZ1900	12/14/06	3.26	3.26	3.26	3.26	0	2.84	20	深华发Ａ	SZ1901	12/13/06	3.26	3.26	3.26	3.26	0	2.84	20	深华发Ａ	SZ1902	12/12/06	3.26	3.26	3.26	3.26	0	2.84	20	深华发Ａ	SZ1903	12/11/06	3.26	3.26	3.26	3.26	0	2.84	20	深华发Ａ	SZ1904	12/8/06	3.26	3.26	3.26	3.26	0	2.84	20	深华发Ａ	SZ1905	12/7/06	3.26	3.26	3.26	3.26	0	2.84	20	深华发Ａ	SZ1906	12/6/06	3.26	3.26	3.26	3.26	0	2.84	20	深华发Ａ	SZ1907	12/5/06	3.26	3.26	3.26	3.26	0	2.84	20	深华发Ａ	SZ1908	12/4/06	3.26	3.26	3.26	3.26	0	2.84	20	深华发Ａ	SZ1909	12/1/06	3.26	3.26	3.26	3.26	0	2.84	20	深华发Ａ	SZ1910	11/30/06	3.26	3.26	3.26	3.26	0	2.84	20	深华发Ａ	SZ1911	11/29/06	3.26	3.26	3.26	3.26	0	2.84	20	深华发Ａ	SZ1912	11/28/06	3.26	3.26	3.26	3.26	0	2.84	20	深华发Ａ	SZ1913	11/27/06	3.26	3.26	3.26	3.26	0	2.84	20	深华发Ａ	SZ1914	11/24/06	3.26	3.26	3.26	3.26	0	2.84	20	深华发Ａ	SZ1915	11/23/06	3.26	3.26	3.26	3.26	0	2.84	20	深华发Ａ	SZ1916	11/22/06	3.26	3.26	3.26	3.26	0	2.84	20	深华发Ａ	SZ1917	11/21/06	3.26	3.26	3.26	3.26	0	2.84	20	深华发Ａ	SZ1918	11/20/06	3.26	3.26	3.26	3.26	0	2.84	20	深华发Ａ	SZ1919	11/17/06	3.26	3.26	3.26	3.26	0	2.84	20	深华发Ａ	SZ1920	11/16/06	3.26	3.26	3.26	3.26	0	2.84	20	深华发Ａ	SZ1921	11/15/06	3.26	3.26	3.26	3.26	0	2.84	20	深华发Ａ	SZ1922	11/14/06	3.26	3.26	3.26	3.26	0	2.84	20	深华发Ａ	SZ1923	11/13/06	3.26	3.26	3.26	3.26	0	2.84	20	深华发Ａ	SZ1924	11/10/06	3.26	3.26	3.26	3.26	0	2.84	20	深华发Ａ	SZ1925	11/9/06	3.26	3.26	3.26	3.26	0	2.84	20	深华发Ａ	SZ1926	11/8/06	3.26	3.26	3.26	3.26	0	2.84	20	深华发Ａ	SZ1927	11/7/06	3.26	3.26	3.26	3.26	0	2.84	20	深华发Ａ	SZ1928	11/6/06	3.17	3.28	3.15	3.26	1608400	2.84	20	深华发Ａ	SZ1929	11/3/06	3.3	3.3	3.17	3.22	1087500	2.8	20	深华发Ａ	SZ1930	11/2/06	3.34	3.41	3.27	3.31	913600	2.88	20	深华发Ａ	SZ1931	11/1/06	3.29	3.46	3.24	3.35	743300	2.91	20	深华发Ａ	SZ1932	10/31/06	3.22	3.37	3.1	3.33	1097000	2.9	20	深华发Ａ	SZ1933	10/30/06	3.61	3.61	3.27	3.27	1642800	2.84	20	深华发Ａ	SZ1934	10/27/06	3.44	3.44	3.44	3.44	0	2.99	20	深华发Ａ	SZ1935	10/26/06	3.44	3.44	3.44	3.44	0	2.99	20	深华发Ａ	SZ1936	10/25/06	3.44	3.44	3.44	3.44	0	2.99	20	深华发Ａ	SZ1937	10/24/06	3.44	3.44	3.44	3.44	0	2.99	20	深华发Ａ	SZ1938	10/23/06	3.44	3.44	3.44	3.44	0	2.99	20	深华发Ａ	SZ1939	10/20/06	3.44	3.44	3.44	3.44	0	2.99	20	深华发Ａ	SZ1940	10/19/06	3.44	3.44	3.44	3.44	0	2.99	20	深华发Ａ	SZ1941	10/18/06	3.44	3.44	3.44	3.44	0	2.99	20	深华发Ａ	SZ1942	10/17/06	3.44	3.44	3.44	3.44	0	2.99	20	深华发Ａ	SZ1943	10/16/06	3.44	3.44	3.44	3.44	0	2.99	20	深华发Ａ	SZ1944	10/13/06	3.44	3.44	3.44	3.44	0	2.99	20	深华发Ａ	SZ1945	10/12/06	3.44	3.44	3.44	3.44	0	2.99	20	深华发Ａ	SZ1946	10/11/06	3.44	3.44	3.44	3.44	0	2.99	20	深华发Ａ	SZ1947	10/10/06	3.44	3.44	3.44	3.44	0	2.99	20	深华发Ａ	SZ1948	10/9/06	3.44	3.44	3.44	3.44	0	2.99	20	深华发Ａ	SZ1949	10/6/06	3.51	3.51	3.43	3.44	0	2.99	20	深华发Ａ	SZ1950	10/5/06	3.51	3.51	3.43	3.44	0	2.99	20	深华发Ａ	SZ1951	10/4/06	3.51	3.51	3.43	3.44	0	2.99	20	深华发Ａ	SZ1952	10/3/06	3.51	3.51	3.43	3.44	0	2.99	20	深华发Ａ	SZ1953	10/2/06	3.51	3.51	3.43	3.44	0	2.99	20	深华发Ａ	SZ1954	9/29/06	3.51	3.51	3.43	3.44	659100	2.99	20	深华发Ａ	SZ1955	9/28/06	3.48	3.53	3.44	3.47	1135200	3.02	20	深华发Ａ	SZ1956	9/27/06	3.38	3.48	3.34	3.48	723500	3.02	20	深华发Ａ	SZ1957	9/26/06	3.35	3.37	3.3	3.37	626800	2.93	20	深华发Ａ	SZ1958	9/25/06	3.42	3.44	3.32	3.37	898000	2.93	20	深华发Ａ	SZ1959	9/22/06	3.43	3.48	3.4	3.41	745400	2.96	20	深华发Ａ	SZ1960	9/21/06	3.43	3.53	3.4	3.43	893200	2.99	20	深华发Ａ	SZ1961	9/20/06	3.35	3.46	3.3	3.44	1062600	2.99	20	深华发Ａ	SZ1962	9/19/06	3.31	3.39	3.31	3.36	775600	2.92	20	深华发Ａ	SZ1963	9/18/06	3.3	3.35	3.26	3.33	642300	2.9	20	深华发Ａ	SZ1964	9/15/06	3.27	3.34	3.24	3.3	617700	2.87	20	深华发Ａ	SZ1965	9/14/06	3.23	3.3	3.21	3.27	652400	2.84	20	深华发Ａ	SZ1966	9/13/06	3.31	3.37	3.26	3.26	821000	2.84	20	深华发Ａ	SZ1967	9/12/06	3.25	3.35	3.2	3.3	827100	2.87	20	深华发Ａ	SZ1968	9/11/06	3.3	3.35	3.17	3.27	1030400	2.84	20	深华发Ａ	SZ1969	9/8/06	3.22	3.37	3.18	3.31	960200	2.88	20	深华发Ａ	SZ1970	9/7/06	3.17	3.29	3.13	3.22	942300	2.8	20	深华发Ａ	SZ1971	9/6/06	3.17	3.2	3.1	3.17	623300	2.76	20	深华发Ａ	SZ1972	9/5/06	3.1	3.17	3.1	3.13	825800	2.72	20	深华发Ａ	SZ1973	9/4/06	3.06	3.11	3.06	3.11	786800	2.71	20	深华发Ａ	SZ1974	9/1/06	3.12	3.17	3.09	3.09	1033000	2.68	20	深华发Ａ	SZ1975	8/31/06	3.11	3.12	3.08	3.12	907100	2.71	20	深华发Ａ	SZ1976	8/30/06	3.06	3.1	3.04	3.1	834600	2.69	20	深华发Ａ	SZ1977	8/29/06	3.09	3.13	3.06	3.06	1054800	2.66	20	深华发Ａ	SZ1978	8/28/06	3.1	3.11	3.06	3.09	860400	2.68	20	深华发Ａ	SZ1979	8/25/06	3.09	3.1	3.03	3.06	426200	2.66	20	深华发Ａ	SZ1980	8/24/06	3.03	3.1	2.93	3.07	272600	2.67	20	深华发Ａ	SZ1981	8/23/06	3.13	3.15	3	3.04	628100	2.65	20	深华发Ａ	SZ1982	8/22/06	3.04	3.13	3.03	3.13	447300	2.72	20	深华发Ａ	SZ1983	8/21/06	2.9	3.08	2.9	3.08	339400	2.68	20	深华发Ａ	SZ1984	8/18/06	3.09	3.09	3.03	3.04	252200	2.65	20	深华发Ａ	SZ1985	8/17/06	3	3.17	2.97	3.09	699500	2.68	20	深华发Ａ	SZ1986	8/16/06	2.98	3.03	2.96	3.03	423700	2.63	20	深华发Ａ	SZ1987	8/15/06	2.91	2.97	2.88	2.97	382500	2.58	20	深华发Ａ	SZ1988	8/14/06	3.04	3.06	2.87	2.9	360200	2.52	20	深华发Ａ	SZ1989	8/11/06	3	3.01	2.97	3.01	339300	2.62	20	深华发Ａ	SZ1990	8/10/06	2.96	3	2.93	3	251500	2.61	20	深华发Ａ	SZ1991	8/9/06	2.92	2.97	2.92	2.93	319000	2.55	20	深华发Ａ	SZ1992	8/8/06	2.87	2.95	2.87	2.94	606800	2.56	20	深华发Ａ	SZ1993	8/7/06	2.99	2.99	2.86	2.86	710100	2.49	20	深华发Ａ	SZ1994	8/4/06	3.07	3.11	3.01	3.01	373000	2.62	20	深华发Ａ	SZ1995	8/3/06	3.1	3.13	3.06	3.1	381600	2.7	20	深华发Ａ	SZ1996	8/2/06	3.18	3.19	3.03	3.08	521100	2.68	20	深华发Ａ	SZ1997	8/1/06	3.18	3.23	3.17	3.18	422600	2.77	20	深华发Ａ	SZ1998	7/31/06	3.32	3.32	3.17	3.17	706800	2.76	20	深华发Ａ	SZ1999	7/28/06	3.36	3.37	3.3	3.34	529800	2.9	20	深华发Ａ	SZ2000	7/27/06	3.34	3.42	3.29	3.37	667400	2.93	20	深华发Ａ	SZ2001	7/26/06	3.4	3.4	3.34	3.37	468700	2.93	20	深华发Ａ	SZ2002	7/25/06	3.42	3.42	3.33	3.37	601100	2.93	20	深华发Ａ	SZ2003	7/24/06	3.39	3.43	3.28	3.36	697200	2.92	20	深华发Ａ	SZ2004	7/21/06	3.36	3.47	3.31	3.44	1621500	2.99	20	深华发Ａ	SZ2005	7/20/06	3.3	3.32	3.24	3.3	497400	2.87	20	深华发Ａ	SZ2006	7/19/06	3.24	3.34	3.23	3.29	1010500	2.86	20	深华发Ａ	SZ2007	7/18/06	3.28	3.31	3.23	3.27	890400	2.84	20	深华发Ａ	SZ2008	7/17/06	3.26	3.31	3.18	3.31	534600	2.88	20	深华发Ａ	SZ2009	7/14/06	3.26	3.3	3.16	3.26	981800	2.84	20	深华发Ａ	SZ2010	7/13/06	3.48	3.52	3.26	3.26	2003600	2.84	20	深华发Ａ	SZ2011	7/12/06	3.49	3.51	3.41	3.43	1058200	2.99	20	深华发Ａ	SZ2012	7/11/06	3.43	3.54	3.43	3.5	1692300	3.04	20	深华发Ａ	SZ2013	7/10/06	3.56	3.56	3.35	3.44	1689100	2.99	20	深华发Ａ	SZ2014	7/7/06	3.51	3.51	3.51	3.51	0	3.05	20	深华发Ａ	SZ2015	7/6/06	3.36	3.51	3.34	3.51	2869600	3.05	20	深华发Ａ	SZ2016	7/5/06	3.31	3.37	3.3	3.35	760300	2.91	20	深华发Ａ	SZ2017	7/4/06	3.4	3.4	3.32	3.32	967400	2.89	20	深华发Ａ	SZ2018	7/3/06	3.31	3.4	3.29	3.39	914200	2.95	20	深华发Ａ	SZ2019	6/30/06	3.38	3.41	3.29	3.33	1080700	2.9	20	深华发Ａ	SZ2020	6/29/06	3.34	3.41	3.34	3.37	901300	2.93	20	深华发Ａ	SZ2021	6/28/06	3.44	3.44	3.33	3.33	913100	2.9	20	深华发Ａ	SZ2022	6/27/06	3.43	3.43	3.35	3.41	648300	2.96	20	深华发Ａ	SZ2023	6/26/06	3.46	3.46	3.34	3.4	455200	2.96	20	深华发Ａ	SZ2024	6/23/06	3.32	3.44	3.3	3.42	702500	2.97	20	深华发Ａ	SZ2025	6/22/06	3.3	3.35	3.28	3.32	418300	2.89	20	深华发Ａ	SZ2026	6/21/06	3.38	3.42	3.3	3.3	639000	2.87	20	深华发Ａ	SZ2027	6/20/06	3.34	3.47	3.32	3.4	805500	2.96	20	深华发Ａ	SZ2028	6/19/06	3.25	3.37	3.23	3.34	653200	2.9	20	深华发Ａ	SZ2029	6/16/06	3.34	3.38	3.3	3.35	1093000	2.91	20	深华发Ａ	SZ2030	6/15/06	3.41	3.5	3.3	3.34	1501100	2.9	20	深华发Ａ	SZ2031	6/14/06	3.22	3.41	3.13	3.41	2006600	2.96	20	深华发Ａ	SZ2032	6/13/06	3.11	3.25	3.09	3.24	2185200	2.82	20	深华发Ａ	SZ2033	6/12/06	3.09	3.17	3.06	3.1	1229800	2.69	20	深华发Ａ	SZ2034	6/9/06	3.28	3.35	3.13	3.13	2148800	2.72	20	深华发Ａ	SZ2035	6/8/06	3.29	3.36	3.29	3.3	2615700	2.87	20	深华发Ａ	SZ2036	6/7/06	3.62	3.67	3.46	3.46	2013700	3.01	20	深华发Ａ	SZ2037	6/6/06	3.44	3.64	3.44	3.64	3829500	3.17	20	深华发Ａ	SZ2038	6/5/06	3.51	3.54	3.32	3.47	3569400	3.02	20	深华发Ａ	SZ2039	6/2/06	3.5	3.57	3.41	3.5	2919900	3.04	20	深华发Ａ	SZ2040	6/1/06	3.57	3.62	3.4	3.47	5352500	3.02	20	深华发Ａ	SZ2041	5/31/06	3.42	3.44	3.3	3.44	2606700	2.99	20	深华发Ａ	SZ2042	5/30/06	3.26	3.28	3.2	3.28	3848800	2.85	20	深华发Ａ	SZ2043	5/29/06	3.12	3.12	3.04	3.12	2214800	2.71	20	深华发Ａ	SZ2044	5/26/06	2.83	2.97	2.83	2.97	1594700	2.59	20	深华发Ａ	SZ2045	5/25/06	2.82	2.87	2.82	2.83	1394400	2.47	20	深华发Ａ	SZ2046	5/24/06	2.85	2.93	2.77	2.81	2783800	2.44	20	深华发Ａ	SZ2047	5/23/06	2.97	3.06	2.86	2.86	3359000	2.49	20	深华发Ａ	SZ2048	5/22/06	2.96	3.02	2.87	2.97	3422400	2.58	20	深华发Ａ	SZ2049	5/19/06	2.8	2.94	2.76	2.87	3140900	2.5	20	深华发Ａ	SZ2050	5/18/06	2.66	2.81	2.63	2.8	3049300	2.43	20	深华发Ａ	SZ2051	5/17/06	2.62	2.7	2.62	2.68	2394800	2.33	20	深华发Ａ	SZ2052	5/16/06	2.81	2.81	2.64	2.64	3309100	2.3	20	深华发Ａ	SZ2053	5/15/06	2.65	2.78	2.63	2.78	3936600	2.42	20	深华发Ａ	SZ2054	5/12/06	2.59	2.68	2.57	2.65	2300700	2.31	20	深华发Ａ	SZ2055	5/11/06	2.65	2.69	2.58	2.63	2534600	2.28	20	深华发Ａ	SZ2056	5/10/06	2.54	2.69	2.52	2.63	2236400	2.29	20	深华发Ａ	SZ2057	5/9/06	2.49	2.56	2.46	2.56	1461900	2.22	20	深华发Ａ	SZ2058	5/8/06	2.44	2.5	2.4	2.48	1409100	2.16	20	深华发Ａ	SZ2059	5/5/06	2.45	2.46	2.37	2.42	0	2.1	20	深华发Ａ	SZ2060	5/4/06	2.45	2.46	2.37	2.42	0	2.1	20	深华发Ａ	SZ2061	5/3/06	2.45	2.46	2.37	2.42	0	2.1	20	深华发Ａ	SZ2062	5/2/06	2.45	2.46	2.37	2.42	0	2.1	20	深华发Ａ	SZ2063	5/1/06	2.45	2.46	2.37	2.42	0	2.1	20	深华发Ａ	SZ2064	4/28/06	2.45	2.46	2.37	2.42	1936600	2.1	20	深华发Ａ	SZ2065	4/27/06	2.48	2.5	2.44	2.49	859700	2.16	20	深华发Ａ	SZ2066	4/26/06	2.43	2.49	2.39	2.49	1207300	2.16	20	深华发Ａ	SZ2067	4/25/06	2.4	2.47	2.39	2.43	1127700	2.12	20	深华发Ａ	SZ2068	4/24/06	2.56	2.57	2.44	2.45	1895100	2.13	20	深华发Ａ	SZ2069	4/21/06	2.56	2.62	2.52	2.57	1816900	2.24	20	深华发Ａ	SZ2070	4/20/06	2.61	2.65	2.57	2.58	879600	2.25	20	深华发Ａ	SZ2071	4/19/06	2.66	2.69	2.54	2.63	859100	2.29	20	深华发Ａ	SZ2072	4/18/06	2.71	2.71	2.65	2.66	824700	2.31	20	深华发Ａ	SZ2073	4/17/06	2.7	2.75	2.68	2.71	1217900	2.36	20	深华发Ａ	SZ2074	4/14/06	2.66	2.72	2.61	2.71	1661700	2.36	20	深华发Ａ	SZ2075	4/13/06	2.75	2.75	2.67	2.68	1459300	2.33	20	深华发Ａ	SZ2076	4/12/06	2.68	2.75	2.68	2.72	1395100	2.37	20	深华发Ａ	SZ2077	4/11/06	2.67	2.72	2.66	2.7	1413900	2.34	20	深华发Ａ	SZ2078	4/10/06	2.65	2.72	2.65	2.68	1502000	2.33	20	深华发Ａ	SZ2079	4/7/06	2.54	2.67	2.52	2.67	3026100	2.32	20	深华发Ａ	SZ2080	4/6/06	2.57	2.57	2.51	2.54	1449100	2.21	20	深华发Ａ	SZ2081	4/5/06	2.58	2.59	2.54	2.57	1122100	2.23	20	深华发Ａ	SZ2082	4/4/06	2.57	2.58	2.54	2.57	907100	2.24	20	深华发Ａ	SZ2083	4/3/06	2.57	2.6	2.52	2.58	924700	2.25	20	深华发Ａ	SZ2084	3/31/06	2.61	2.61	2.5	2.57	890200	2.24	20	深华发Ａ	SZ2085	3/30/06	2.68	2.68	2.61	2.63	1193300	2.28	20	深华发Ａ	SZ2086	3/29/06	2.64	2.68	2.62	2.68	1400300	2.33	20	深华发Ａ	SZ2087	3/28/06	2.64	2.66	2.59	2.64	790400	2.3	20	深华发Ａ	SZ2088	3/27/06	2.57	2.63	2.57	2.62	726400	2.28	20	深华发Ａ	SZ2089	3/24/06	2.69	2.7	2.6	2.6	1128700	2.26	20	深华发Ａ	SZ2090	3/23/06	2.66	2.7	2.63	2.69	1191200	2.34	20	深华发Ａ	SZ2091	3/22/06	2.66	2.66	2.63	2.66	1002600	2.31	20	深华发Ａ	SZ2092	3/21/06	2.66	2.68	2.63	2.65	1110300	2.31	20	深华发Ａ	SZ2093	3/20/06	2.69	2.7	2.61	2.68	888300	2.33	20	深华发Ａ	SZ2094	3/17/06	2.68	2.77	2.67	2.68	1055500	2.33	20	深华发Ａ	SZ2095	3/16/06	2.7	2.74	2.67	2.7	822100	2.34	20	深华发Ａ	SZ2096	3/15/06	2.75	2.77	2.68	2.7	1325100	2.35	20	深华发Ａ	SZ2097	3/14/06	2.78	2.78	2.69	2.75	1286700	2.39	20	深华发Ａ	SZ2098	3/13/06	2.74	2.78	2.67	2.72	2108900	2.37	20	深华发Ａ	SZ2099	3/10/06	2.7	2.8	2.68	2.75	4108200	2.39	20	深华发Ａ	SZ2100	3/9/06	2.66	2.76	2.62	2.67	2209400	2.32	20	深华发Ａ	SZ2101	3/8/06	2.5	2.63	2.5	2.63	1873300	2.29	20	深华发Ａ	SZ2102	3/7/06	2.55	2.58	2.5	2.51	663500	2.19	20	深华发Ａ	SZ2103	3/6/06	2.61	2.61	2.54	2.57	565700	2.24	20	深华发Ａ	SZ2104	3/3/06	2.54	2.63	2.5	2.6	1015900	2.26	20	深华发Ａ	SZ2105	3/2/06	2.61	2.62	2.5	2.54	867300	2.21	20	深华发Ａ	SZ2106	3/1/06	2.69	2.69	2.58	2.62	799800	2.28	20	深华发Ａ	SZ2107	2/28/06	2.57	2.57	2.57	2.57	0	2.23	20	深华发Ａ	SZ2108	2/27/06	2.61	2.61	2.57	2.57	499500	2.23	20	深华发Ａ	SZ2109	2/24/06	2.62	2.62	2.57	2.61	598800	2.27	20	深华发Ａ	SZ2110	2/23/06	2.55	2.65	2.55	2.62	1266800	2.28	20	深华发Ａ	SZ2111	2/22/06	2.57	2.6	2.56	2.56	607500	2.22	20	深华发Ａ	SZ2112	2/21/06	2.56	2.58	2.51	2.58	492700	2.25	20	深华发Ａ	SZ2113	2/20/06	2.56	2.61	2.53	2.56	615200	2.22	20	深华发Ａ	SZ2114	2/17/06	2.52	2.57	2.47	2.56	982800	2.22	20	深华发Ａ	SZ2115	2/16/06	2.66	2.66	2.53	2.53	1521300	2.2	20	深华发Ａ	SZ2116	2/15/06	2.67	2.7	2.65	2.66	907400	2.31	20	深华发Ａ	SZ2117	2/14/06	2.72	2.72	2.69	2.69	619800	2.34	20	深华发Ａ	SZ2118	2/13/06	2.7	2.72	2.67	2.72	705400	2.37	20	深华发Ａ	SZ2119	2/10/06	2.7	2.75	2.67	2.71	916500	2.36	20	深华发Ａ	SZ2120	2/9/06	2.71	2.77	2.7	2.71	883800	2.36	20	深华发Ａ	SZ2121	2/8/06	2.73	2.74	2.66	2.71	1207700	2.36	20	深华发Ａ	SZ2122	2/7/06	2.78	2.81	2.67	2.71	1350900	2.36	20	深华发Ａ	SZ2123	2/6/06	2.78	2.83	2.74	2.78	838300	2.42	20	深华发Ａ	SZ2124	2/3/06	2.7	2.79	2.64	2.78	0	2.42	20	深华发Ａ	SZ2125	2/2/06	2.7	2.79	2.64	2.78	0	2.42	20	深华发Ａ	SZ2126	2/1/06	2.7	2.79	2.64	2.78	0	2.42	20	深华发Ａ	SZ2127	1/31/06	2.7	2.79	2.64	2.78	0	2.42	20	深华发Ａ	SZ2128	1/30/06	2.7	2.79	2.64	2.78	0	2.42	20	深华发Ａ	SZ2129	1/27/06	2.7	2.79	2.64	2.78	0	2.42	20	深华发Ａ	SZ2130	1/26/06	2.7	2.79	2.64	2.78	0	2.42	20	深华发Ａ	SZ2131	1/25/06	2.7	2.79	2.64	2.78	1316900	2.42	20	深华发Ａ	SZ2132	1/24/06	2.79	2.81	2.7	2.7	2192400	2.34	20	深华发Ａ	SZ2133	1/23/06	2.87	2.92	2.75	2.83	1348300	2.47	20	深华发Ａ	SZ2134	1/20/06	2.83	2.93	2.83	2.9	1167800	2.52	20	深华发Ａ	SZ2135	1/19/06	2.79	2.87	2.77	2.85	1072400	2.48	20	深华发Ａ	SZ2136	1/18/06	2.77	2.83	2.74	2.78	1270900	2.42	20	深华发Ａ	SZ2137	1/17/06	2.64	2.78	2.63	2.78	1572200	2.42	20	深华发Ａ	SZ2138	1/16/06	2.61	2.74	2.61	2.66	1131400	2.31	20	深华发Ａ	SZ2139	1/13/06	2.7	2.7	2.57	2.61	1391200	2.27	20	深华发Ａ	SZ2140	1/12/06	2.65	2.71	2.64	2.7	798900	2.34	20	深华发Ａ	SZ2141	1/11/06	2.73	2.73	2.65	2.67	1095500	2.32	20	深华发Ａ	SZ2142	1/10/06	2.61	2.73	2.6	2.73	1663900	2.37	20	深华发Ａ	SZ2143	1/9/06	2.57	2.67	2.54	2.61	1110500	2.27	20	深华发Ａ	SZ2144	1/6/06	2.56	2.58	2.52	2.55	976100	2.22	20	深华发Ａ	SZ2145	1/5/06	2.51	2.57	2.49	2.56	1170700	2.22	20	深华发Ａ	SZ2146	1/4/06	2.52	2.53	2.47	2.51	1318100	2.19	20	深华发Ａ	SZ2147	1/3/06	2.4	2.5	2.4	2.5	0	2.18	20	深华发Ａ	SZ2148	1/2/06	2.4	2.5	2.4	2.5	0	2.18	20	深华发Ａ	SZ2149	12/30/05	2.4	2.5	2.4	2.5	3076000	2.18	20	深华发Ａ	SZ2150	12/29/05	2.37	2.41	2.37	2.38	454300	2.07	20	深华发Ａ	SZ2151	12/28/05	2.4	2.44	2.37	2.38	694600	2.07	20	深华发Ａ	SZ2152	12/27/05	2.37	2.42	2.36	2.4	879100	2.09	20	深华发Ａ	SZ2153	12/26/05	2.36	2.38	2.33	2.37	743300	2.06	20	深华发Ａ	SZ2154	12/23/05	2.31	2.39	2.31	2.36	659400	2.05	20	深华发Ａ	SZ2155	12/22/05	2.36	2.36	2.3	2.32	608700	2.02	20	深华发Ａ	SZ2156	12/21/05	2.37	2.41	2.32	2.33	591500	2.03	20	深华发Ａ	SZ2157	12/20/05	2.39	2.41	2.35	2.39	638500	2.08	20	深华发Ａ	SZ2158	12/19/05	2.35	2.44	2.35	2.4	2030500	2.09	20	深华发Ａ	SZ2159	12/16/05	2.23	2.34	2.23	2.34	871200	2.03	20	深华发Ａ	SZ2160	12/15/05	2.25	2.33	2.24	2.26	780000	1.97	20	深华发Ａ	SZ2161	12/14/05	2.24	2.25	2.2	2.25	376500	1.96	20	深华发Ａ	SZ2162	12/13/05	2.25	2.26	2.18	2.24	346100	1.95	20	深华发Ａ	SZ2163	12/12/05	2.23	2.27	2.21	2.25	477100	1.96	20	深华发Ａ	SZ2164	12/9/05	2.17	2.23	2.17	2.22	517600	1.93	20	深华发Ａ	SZ2165	12/8/05	2.23	2.23	2.15	2.17	772800	1.88	20	深华发Ａ	SZ2166	12/7/05	2.17	2.23	2.16	2.23	585100	1.94	20	深华发Ａ	SZ2167	12/6/05	2.2	2.23	2.13	2.19	707700	1.91	20	深华发Ａ	SZ2168	12/5/05	2.33	2.33	2.23	2.23	569900	1.94	20	深华发Ａ	SZ2169	12/2/05	2.43	2.43	2.34	2.35	610600	2.04	20	深华发Ａ	SZ2170	12/1/05	2.43	2.45	2.4	2.44	309300	2.12	20	深华发Ａ	SZ2171	11/30/05	2.43	2.43	2.4	2.43	572800	2.11	20	深华发Ａ	SZ2172	11/29/05	2.54	2.54	2.43	2.43	392800	2.12	20	深华发Ａ	SZ2173	11/28/05	2.52	2.55	2.5	2.52	454400	2.19	20	深华发Ａ	SZ2174	11/25/05	2.52	2.56	2.5	2.54	491200	2.21	20	深华发Ａ	SZ2175	11/24/05	2.5	2.54	2.5	2.53	442600	2.2	20	深华发Ａ	SZ2176	11/23/05	2.47	2.54	2.47	2.53	593200	2.2	20	深华发Ａ	SZ2177	11/22/05	2.61	2.61	2.48	2.49	991300	2.16	20	深华发Ａ	SZ2178	11/21/05	2.57	2.68	2.57	2.61	2449200	2.27	20	深华发Ａ	SZ2179	11/18/05	2.7	2.7	2.55	2.57	1950500	2.24	20	深华发Ａ	SZ2180	11/17/05	2.51	2.57	2.48	2.57	1145700	2.23	20	深华发Ａ	SZ2181	11/16/05	2.45	2.51	2.43	2.5	830700	2.17	20	深华发Ａ	SZ2182	11/15/05	2.52	2.57	2.49	2.5	662600	2.17	20	深华发Ａ	SZ2183	11/14/05	2.5	2.53	2.43	2.5	554000	2.18	20	深华发Ａ	SZ2184	11/11/05	2.39	2.5	2.39	2.48	520500	2.16	20	深华发Ａ	SZ2185	11/10/05	2.5	2.56	2.43	2.43	975500	2.12	20	深华发Ａ	SZ2186	11/9/05	2.5	2.54	2.48	2.51	1158100	2.19	20	深华发Ａ	SZ2187	11/8/05	2.44	2.51	2.43	2.5	1509100	2.17	20	深华发Ａ	SZ2188	11/7/05	2.42	2.45	2.41	2.44	526200	2.12	20	深华发Ａ	SZ2189	11/4/05	2.4	2.45	2.4	2.45	523300	2.13	20	深华发Ａ	SZ2190	11/3/05	2.44	2.48	2.37	2.42	467700	2.1	20	深华发Ａ	SZ2191	11/2/05	2.43	2.49	2.36	2.45	778200	2.13	20	深华发Ａ	SZ2192	11/1/05	2.42	2.43	2.31	2.41	768300	2.09	20	深华发Ａ	SZ2193	10/31/05	2.36	2.44	2.36	2.43	642300	2.12	20	深华发Ａ	SZ2194	10/28/05	2.5	2.51	2.37	2.38	921000	2.07	20	深华发Ａ	SZ2195	10/27/05	2.45	2.5	2.39	2.49	618200	2.16	20	深华发Ａ	SZ2196	10/26/05	2.6	2.6	2.49	2.49	911200	2.16	20	深华发Ａ	SZ2197	10/25/05	2.69	2.7	2.61	2.62	925100	2.28	20	深华发Ａ	SZ2198	10/24/05	2.61	2.67	2.57	2.66	665700	2.31	20	深华发Ａ	SZ2199	10/21/05	2.63	2.63	2.57	2.62	725900	2.28	20	深华发Ａ	SZ2200	10/20/05	2.58	2.61	2.51	2.59	816900	2.25	20	深华发Ａ	SZ2201	10/19/05	2.66	2.7	2.57	2.58	2432700	2.25	20	深华发Ａ	SZ2202	10/18/05	2.47	2.6	2.43	2.6	1595000	2.26	20	深华发Ａ	SZ2203	10/17/05	2.51	2.57	2.42	2.48	559700	2.16	20	深华发Ａ	SZ2204	10/14/05	2.52	2.52	2.44	2.5	571600	2.18	20	深华发Ａ	SZ2205	10/13/05	2.53	2.57	2.45	2.49	1031000	2.16	20	深华发Ａ	SZ2206	10/12/05	2.57	2.63	2.52	2.57	874700	2.23	20	深华发Ａ	SZ2207	10/11/05	2.48	2.59	2.4	2.57	1093600	2.23	20	深华发Ａ	SZ2208	10/10/05	2.64	2.65	2.52	2.52	624500	2.19	20	深华发Ａ	SZ2209	10/7/05	2.64	2.74	2.63	2.65	0	2.31	20	深华发Ａ	SZ2210	10/6/05	2.64	2.74	2.63	2.65	0	2.31	20	深华发Ａ	SZ2211	10/5/05	2.64	2.74	2.63	2.65	0	2.31	20	深华发Ａ	SZ2212	10/4/05	2.64	2.74	2.63	2.65	0	2.31	20	深华发Ａ	SZ2213	10/3/05	2.64	2.74	2.63	2.65	0	2.31	20	深华发Ａ	SZ2214	9/30/05	2.64	2.74	2.63	2.65	1251800	2.31	20	深华发Ａ	SZ2215	9/29/05	2.57	2.63	2.51	2.63	1757800	2.28	20	深华发Ａ	SZ2216	9/28/05	2.48	2.57	2.48	2.5	768600	2.18	20	深华发Ａ	SZ2217	9/27/05	2.44	2.61	2.44	2.51	1570000	2.19	20	深华发Ａ	SZ2218	9/26/05	2.63	2.63	2.51	2.51	1759500	2.19	20	深华发Ａ	SZ2219	9/23/05	2.64	2.74	2.64	2.64	3203100	2.3	20	深华发Ａ	SZ2220	9/22/05	2.85	2.9	2.78	2.78	1280800	2.42	20	深华发Ａ	SZ2221	9/21/05	3.09	3.18	2.93	2.93	4503000	2.55	20	深华发Ａ	SZ2222	9/20/05	2.91	3.09	2.91	3.09	5223600	2.68	20	深华发Ａ	SZ2223	9/19/05	2.9	2.98	2.89	2.94	2588800	2.56	20	深华发Ａ	SZ2224	9/16/05	2.84	2.91	2.82	2.9	2714900	2.53	20	深华发Ａ	SZ2225	9/15/05	2.78	2.87	2.76	2.84	1906700	2.47	20	深华发Ａ	SZ2226	9/14/05	2.8	2.9	2.76	2.81	2703500	2.44	20	深华发Ａ	SZ2227	9/13/05	2.78	2.83	2.75	2.8	2107700	2.43	20	深华发Ａ	SZ2228	9/12/05	2.73	2.83	2.69	2.78	2212700	2.42	20	深华发Ａ	SZ2229	9/9/05	2.65	2.75	2.64	2.73	2037000	2.37	20	深华发Ａ	SZ2230	9/8/05	2.73	2.73	2.6	2.67	2570100	2.32	20	深华发Ａ	SZ2231	9/7/05	2.69	2.74	2.64	2.73	1929600	2.37	20	深华发Ａ	SZ2232	9/6/05	2.78	2.9	2.66	2.68	3516300	2.33	20	深华发Ａ	SZ2233	9/5/05	2.68	2.81	2.65	2.8	3120700	2.43	20	深华发Ａ	SZ2234	9/2/05	2.66	2.73	2.62	2.68	2965200	2.33	20	深华发Ａ	SZ2235	9/1/05	2.57	2.8	2.57	2.7	5738700	2.35	20	深华发Ａ	SZ2236	8/31/05	2.7	2.7	2.7	2.7	141400	2.34	20	深华发Ａ	SZ2237	8/30/05	2.83	2.83	2.83	2.83	419400	2.47	20	深华发Ａ	SZ2238	8/29/05	3.22	3.27	2.98	2.98	4682600	2.59	20	深华发Ａ	SZ2239	8/26/05	3.12	3.14	2.99	3.14	3646600	2.73	20	深华发Ａ	SZ2240	8/25/05	2.99	2.99	2.87	2.99	12505800	2.6	20	深华发Ａ	SZ2241	8/24/05	2.85	2.85	2.85	2.85	249100	2.48	20	深华发Ａ	SZ2242	8/23/05	2.71	2.71	2.71	2.71	525200	2.36	20	深华发Ａ	SZ2243	8/22/05	2.68	2.71	2.52	2.58	1171700	2.25	20	深华发Ａ	SZ2244	8/19/05	2.4	2.61	2.4	2.61	3618600	2.27	20	深华发Ａ	SZ2245	8/18/05	2.65	2.74	2.49	2.49	4755900	2.16	20	深华发Ａ	SZ2246	8/17/05	2.54	2.62	2.5	2.62	2854000	2.28	20	深华发Ａ	SZ2247	8/16/05	2.37	2.5	2.33	2.5	2993400	2.17	20	深华发Ａ	SZ2248	8/15/05	2.37	2.45	2.32	2.37	1478200	2.06	20	深华发Ａ	SZ2249	8/12/05	2.3	2.42	2.27	2.37	3148800	2.06	20	深华发Ａ	SZ2250	8/11/05	2.2	2.34	2.2	2.3	2027300	2	20	深华发Ａ	SZ2251	8/10/05	2.18	2.29	2.18	2.23	1025600	1.94	20	深华发Ａ	SZ2252	8/9/05	2.14	2.19	2.13	2.18	956900	1.9	20	深华发Ａ	SZ2253	8/8/05	2.1	2.16	2.1	2.13	761300	1.85	20	深华发Ａ	SZ2254	8/5/05	2.05	2.1	2.05	2.1	493800	1.82	20	深华发Ａ	SZ2255	8/4/05	2.1	2.15	2.04	2.07	419900	1.8	20	深华发Ａ	SZ2256	8/3/05	2.12	2.16	2.09	2.12	838900	1.84	20	深华发Ａ	SZ2257	8/2/05	2.17	2.17	2.05	2.13	672100	1.85	20	深华发Ａ	SZ2258	8/1/05	2.05	2.16	2.03	2.16	734200	1.88	20	深华发Ａ	SZ2259	7/29/05	2.07	2.1	2.03	2.05	375400	1.78	20	深华发Ａ	SZ2260	7/28/05	2.03	2.13	2.01	2.09	836700	1.81	20	深华发Ａ	SZ2261	7/27/05	1.98	2.03	1.96	2.03	426000	1.76	20	深华发Ａ	SZ2262	7/26/05	1.97	1.98	1.93	1.98	424700	1.72	20	深华发Ａ	SZ2263	7/25/05	1.9	1.94	1.9	1.93	199700	1.68	20	深华发Ａ	SZ2264	7/22/05	1.87	1.97	1.87	1.97	592500	1.71	20	深华发Ａ	SZ2265	7/21/05	1.9	1.93	1.84	1.89	332600	1.64	20	深华发Ａ	SZ2266	7/20/05	1.9	1.91	1.83	1.9	309200	1.66	20	深华发Ａ	SZ2267	7/19/05	1.87	1.91	1.83	1.86	571500	1.62	20	深华发Ａ	SZ2268	7/18/05	2.03	2.03	1.93	1.93	582000	1.68	20	深华发Ａ	SZ2269	7/15/05	2.02	2.05	2	2.03	303700	1.77	20	深华发Ａ	SZ2270	7/14/05	2.01	2.09	2.01	2.02	363100	1.75	20	深华发Ａ	SZ2271	7/13/05	2.08	2.11	2.05	2.05	325300	1.78	20	深华发Ａ	SZ2272	7/12/05	2.1	2.11	2	2.11	384100	1.84	20	深华发Ａ	SZ2273	7/11/05	2.08	2.19	2.08	2.09	728000	1.81	20	深华发Ａ	SZ2274	7/8/05	2.08	2.1	2	2.1	337600	1.82	20	深华发Ａ	SZ2275	7/7/05	1.97	2.1	1.97	2.09	255000	1.81	20	深华发Ａ	SZ2276	7/6/05	2.09	2.1	2	2.03	422100	1.76	20	深华发Ａ	SZ2277	7/5/05	2.08	2.1	2.05	2.1	626800	1.83	20	深华发Ａ	SZ2278	7/4/05	2	2.04	1.97	2	469600	1.74	20	深华发Ａ	SZ2279	7/1/05	2.15	2.2	2.07	2.07	371500	1.8	20	深华发Ａ	SZ2280	6/30/05	2.29	2.3	2.18	2.18	618700	1.9	20	深华发Ａ	SZ2281	6/29/05	2.29	2.35	2.29	2.3	255700	2	20	深华发Ａ	SZ2282	6/28/05	2.35	2.37	2.31	2.32	306900	2.02	20	深华发Ａ	SZ2283	6/27/05	2.43	2.43	2.36	2.37	465200	2.06	20	深华发Ａ	SZ2284	6/24/05	2.3	2.32	2.26	2.31	241700	2.01	20	深华发Ａ	SZ2285	6/23/05	2.26	2.33	2.26	2.32	458100	2.02	20	深华发Ａ	SZ2286	6/22/05	2.38	2.38	2.26	2.28	536500	1.98	20	深华发Ａ	SZ2287	6/21/05	2.31	2.43	2.27	2.38	506600	2.07	20	深华发Ａ	SZ2288	6/20/05	2.3	2.32	2.19	2.31	417300	2.01	20	深华发Ａ	SZ2289	6/17/05	2.39	2.43	2.3	2.3	711300	2	20	深华发Ａ	SZ2290	6/16/05	2.42	2.48	2.33	2.43	257000	2.11	20	深华发Ａ	SZ2291	6/15/05	2.52	2.52	2.39	2.44	625900	2.12	20	深华发Ａ	SZ2292	6/14/05	2.48	2.59	2.48	2.51	329000	2.19	20	深华发Ａ	SZ2293	6/13/05	2.53	2.54	2.46	2.52	592700	2.19	20	深华发Ａ	SZ2294	6/10/05	2.69	2.7	2.54	2.54	1727700	2.21	20	深华发Ａ	SZ2295	6/9/05	2.67	2.67	2.58	2.67	2518900	2.32	20	深华发Ａ	SZ2296	6/8/05	2.54	2.54	2.54	2.54	1108200	2.21	20	深华发Ａ	SZ2297	6/7/05	2.37	2.43	2.28	2.42	647600	2.1	20	深华发Ａ	SZ2298	6/6/05	2.52	2.52	2.33	2.4	1445200	2.09	20	深华发Ａ	SZ2299	6/3/05	2.45	2.45	2.45	2.45	0	2.13	20	深华发Ａ	SZ2300	6/2/05	2.37	2.5	2.36	2.45	986900	2.13	20	深华发Ａ	SZ2301	6/1/05	2.6	2.6	2.37	2.38	2040600	2.07	20	深华发Ａ	SZ2302	5/31/05	2.42	2.48	2.42	2.48	479300	2.16	20	深华发Ａ	SZ2303	5/30/05	2.36	2.36	2.36	2.36	0	2.05	20	深华发Ａ	SZ2304	5/27/05	2.28	2.36	2.26	2.36	1261200	2.05	20	深华发Ａ	SZ2305	5/26/05	2.19	2.26	2.19	2.24	467400	1.95	20	深华发Ａ	SZ2306	5/25/05	2.18	2.26	2.18	2.21	282700	1.92	20	深华发Ａ	SZ2307	5/24/05	2.11	2.22	2.11	2.2	140000	1.91	20	深华发Ａ	SZ2308	5/23/05	2.19	2.24	2.13	2.17	336800	1.88	20	深华发Ａ	SZ2309	5/20/05	2.17	2.27	2.17	2.22	427800	1.93	20	深华发Ａ	SZ2310	5/19/05	2.21	2.23	2.16	2.21	286900	1.92	20	深华发Ａ	SZ2311	5/18/05	2.19	2.27	2.16	2.21	495800	1.92	20	深华发Ａ	SZ2312	5/17/05	2.16	2.29	2.14	2.23	475200	1.94	20	深华发Ａ	SZ2313	5/16/05	2.12	2.24	2.08	2.19	879700	1.91	20	深华发Ａ	SZ2314	5/13/05	2.12	2.15	2.09	2.14	386400	1.86	20	深华发Ａ	SZ2315	5/12/05	2.09	2.13	2.03	2.13	461800	1.85	20	深华发Ａ	SZ2316	5/11/05	2	2.12	2	2.09	348900	1.81	20	深华发Ａ	SZ2317	5/10/05	1.95	2.06	1.91	2.03	328900	1.76	20	深华发Ａ	SZ2318	5/9/05	2.01	2.09	1.94	1.97	705900	1.72	20	深华发Ａ	SZ2319	5/6/05	2.12	2.12	2	2.04	0	1.78	20	深华发Ａ	SZ2320	5/5/05	2.12	2.12	2	2.04	0	1.78	20	深华发Ａ	SZ2321	5/4/05	2.12	2.12	2	2.04	0	1.78	20	深华发Ａ	SZ2322	5/3/05	2.12	2.12	2	2.04	0	1.78	20	深华发Ａ	SZ2323	5/2/05	2.12	2.12	2	2.04	0	1.78	20	深华发Ａ	SZ2324	4/29/05	2.12	2.12	2	2.04	1047200	1.78	20	深华发Ａ	SZ2325	4/28/05	2.02	2.02	2.02	2.02	0	1.75	20	深华发Ａ	SZ2326	4/27/05	1.97	2.07	1.93	2.02	358700	1.75	20	深华发Ａ	SZ2327	4/26/05	2.01	2.01	1.9	1.97	302700	1.72	20	深华发Ａ	SZ2328	4/25/05	2.12	2.12	2.01	2.01	419400	1.75	20	深华发Ａ	SZ2329	4/22/05	2.17	2.22	2.1	2.11	324100	1.84	20	深华发Ａ	SZ2330	4/21/05	2.13	2.2	2.09	2.18	357000	1.9	20	深华发Ａ	SZ2331	4/20/05	2.18	2.18	2.1	2.13	309600	1.85	20	深华发Ａ	SZ2332	4/19/05	2.23	2.23	2.13	2.17	321700	1.89	20	深华发Ａ	SZ2333	4/18/05	2.22	2.3	2.18	2.19	341200	1.91	20	深华发Ａ	SZ2334	4/15/05	2.22	2.3	2.22	2.25	534800	1.96	20	深华发Ａ	SZ2335	4/14/05	2.37	2.43	2.26	2.26	794400	1.97	20	深华发Ａ	SZ2336	4/13/05	2.35	2.4	2.35	2.38	1057100	2.07	20	深华发Ａ	SZ2337	4/12/05	2.37	2.45	2.37	2.37	490300	2.06	20	深华发Ａ	SZ2338	4/11/05	2.48	2.49	2.39	2.44	743200	2.12	20	深华发Ａ	SZ2339	4/8/05	2.41	2.48	2.35	2.47	1769000	2.15	20	深华发Ａ	SZ2340	4/7/05	2.34	2.44	2.28	2.41	1478300	2.09	20	深华发Ａ	SZ2341	4/6/05	2.3	2.34	2.26	2.33	540300	2.03	20	深华发Ａ	SZ2342	4/5/05	2.36	2.39	2.26	2.3	793600	2	20	深华发Ａ	SZ2343	4/4/05	2.23	2.37	2.17	2.3	1446500	2	20	深华发Ａ	SZ2344	4/1/05	2.2	2.26	2.13	2.25	619900	1.96	20	深华发Ａ	SZ2345	3/31/05	2.13	2.17	2.11	2.17	366900	1.89	20	深华发Ａ	SZ2346	3/30/05	2.22	2.22	2.11	2.13	533200	1.85	20	深华发Ａ	SZ2347	3/29/05	2.24	2.27	2.22	2.23	273200	1.94	20	深华发Ａ	SZ2348	3/28/05	2.23	2.27	2.21	2.25	273300	1.96	20	深华发Ａ	SZ2349	3/25/05	2.23	2.3	2.21	2.28	381000	1.98	20	深华发Ａ	SZ2350	3/24/05	2.1	2.26	2.1	2.25	491800	1.96	20	深华发Ａ	SZ2351	3/23/05	2.1	2.23	2.05	2.17	477700	1.89	20	深华发Ａ	SZ2352	3/22/05	2.21	2.23	2.12	2.16	676500	1.88	20	深华发Ａ	SZ2353	3/21/05	2.28	2.3	2.19	2.23	1227500	1.94	20	深华发Ａ	SZ2354	3/18/05	2.37	2.43	2.29	2.3	536300	2	20	深华发Ａ	SZ2355	3/17/05	2.5	2.5	2.4	2.41	654100	2.09	20	深华发Ａ	SZ2356	3/16/05	2.35	2.42	2.3	2.42	435600	2.1	20	深华发Ａ	SZ2357	3/15/05	2.35	2.41	2.3	2.3	435100	2	20	深华发Ａ	SZ2358	3/14/05	2.47	2.52	2.4	2.41	576900	2.09	20	深华发Ａ	SZ2359	3/11/05	2.47	2.57	2.44	2.53	316300	2.2	20	深华发Ａ	SZ2360	3/10/05	2.57	2.59	2.46	2.49	424000	2.16	20	深华发Ａ	SZ2361	3/9/05	2.52	2.61	2.51	2.58	732300	2.25	20	深华发Ａ	SZ2362	3/8/05	2.5	2.53	2.47	2.52	429400	2.19	20	深华发Ａ	SZ2363	3/7/05	2.49	2.51	2.45	2.49	291400	2.16	20	深华发Ａ	SZ2364	3/4/05	2.5	2.55	2.43	2.5	539400	2.17	20	深华发Ａ	SZ2365	3/3/05	2.44	2.55	2.43	2.52	1505400	2.19	20	深华发Ａ	SZ2366	3/2/05	2.66	2.7	2.57	2.57	667100	2.23	20	深华发Ａ	SZ2367	3/1/05	2.59	2.71	2.56	2.7	1123200	2.35	20	深华发Ａ	SZ2368	2/28/05	2.6	2.63	2.56	2.58	512900	2.25	20	深华发Ａ	SZ2369	2/25/05	2.6	2.64	2.57	2.59	1160000	2.25	20	深华发Ａ	SZ2370	2/24/05	2.59	2.72	2.57	2.63	1875600	2.29	20	深华发Ａ	SZ2371	2/23/05	2.63	2.63	2.52	2.63	3576500	2.28	20	深华发Ａ	SZ2372	2/22/05	2.5	2.5	2.5	2.5	242300	2.18	20	深华发Ａ	SZ2373	2/21/05	2.25	2.38	2.25	2.38	1017600	2.07	20	深华发Ａ	SZ2374	2/18/05	2.27	2.3	2.23	2.27	477200	1.97	20	深华发Ａ	SZ2375	2/17/05	2.17	2.31	2.17	2.26	896100	1.97	20	深华发Ａ	SZ2376	2/16/05	2.11	2.21	2.11	2.2	452100	1.91	20	深华发Ａ	SZ2377	2/15/05	2.1	2.16	2.07	2.1	0	1.83	20	深华发Ａ	SZ2378	2/14/05	2.1	2.16	2.07	2.1	0	1.83	20	深华发Ａ	SZ2379	2/11/05	2.1	2.16	2.07	2.1	0	1.83	20	深华发Ａ	SZ2380	2/10/05	2.1	2.16	2.07	2.1	0	1.83	20	深华发Ａ	SZ2381	2/9/05	2.1	2.16	2.07	2.1	0	1.83	20	深华发Ａ	SZ2382	2/8/05	2.1	2.16	2.07	2.1	0	1.83	20	深华发Ａ	SZ2383	2/7/05	2.1	2.16	2.07	2.1	0	1.83	20	深华发Ａ	SZ2384	2/4/05	2.1	2.16	2.07	2.1	1166800	1.83	20	深华发Ａ	SZ2385	2/3/05	2.29	2.29	2.17	2.17	871000	1.89	20	深华发Ａ	SZ2386	2/2/05	2.12	2.33	2.12	2.29	1593600	1.99	20	深华发Ａ	SZ2387	2/1/05	2.24	2.3	2.23	2.23	589800	1.94	20	深华发Ａ	SZ