0	4/29/14	9.24	9.24	9.24	9.24	0	9.24	2425	凯撒股份	SZ1	4/28/14	9.24	9.24	9.24	9.24	0	9.24	2425	凯撒股份	SZ2	4/25/14	9.24	9.24	9.24	9.24	0	9.24	2425	凯撒股份	SZ3	4/24/14	9.24	9.24	9.24	9.24	0	9.24	2425	凯撒股份	SZ4	4/23/14	9.24	9.24	9.24	9.24	0	9.24	2425	凯撒股份	SZ5	4/22/14	9.24	9.24	9.24	9.24	0	9.24	2425	凯撒股份	SZ6	4/21/14	9.24	9.24	9.24	9.24	0	9.24	2425	凯撒股份	SZ7	4/18/14	9.24	9.24	9.24	9.24	0	9.24	2425	凯撒股份	SZ8	4/17/14	9.24	9.24	9.24	9.24	0	9.24	2425	凯撒股份	SZ9	4/16/14	9.24	9.24	9.24	9.24	0	9.24	2425	凯撒股份	SZ10	4/15/14	9.24	9.24	9.24	9.24	0	9.24	2425	凯撒股份	SZ11	4/14/14	9.24	9.24	9.24	9.24	0	9.24	2425	凯撒股份	SZ12	4/11/14	9.24	9.24	9.24	9.24	0	9.24	2425	凯撒股份	SZ13	4/10/14	9.24	9.24	9.24	9.24	0	9.24	2425	凯撒股份	SZ14	4/9/14	9.24	9.24	9.24	9.24	0	9.24	2425	凯撒股份	SZ15	4/8/14	9.24	9.24	9.24	9.24	0	9.24	2425	凯撒股份	SZ16	4/7/14	9.24	9.24	9.24	9.24	0	9.24	2425	凯撒股份	SZ17	4/4/14	9.24	9.24	9.24	9.24	0	9.24	2425	凯撒股份	SZ18	4/3/14	9.24	9.24	9.24	9.24	0	9.24	2425	凯撒股份	SZ19	4/2/14	9.24	9.24	9.24	9.24	0	9.24	2425	凯撒股份	SZ20	4/1/14	9.24	9.24	9.24	9.24	0	9.24	2425	凯撒股份	SZ21	3/31/14	9.24	9.24	9.24	9.24	0	9.24	2425	凯撒股份	SZ22	3/28/14	9.24	9.24	9.24	9.24	0	9.24	2425	凯撒股份	SZ23	3/27/14	9.24	9.24	9.24	9.24	0	9.24	2425	凯撒股份	SZ24	3/26/14	9.24	9.24	9.24	9.24	0	9.24	2425	凯撒股份	SZ25	3/25/14	9.24	9.24	9.24	9.24	0	9.24	2425	凯撒股份	SZ26	3/24/14	9.24	9.24	9.24	9.24	0	9.24	2425	凯撒股份	SZ27	3/21/14	8.69	9.27	8.69	9.24	4657000	9.24	2425	凯撒股份	SZ28	3/20/14	9.45	9.53	8.64	8.65	3822900	8.65	2425	凯撒股份	SZ29	3/19/14	9.6	9.7	9.45	9.51	1741900	9.51	2425	凯撒股份	SZ30	3/18/14	9.6	9.65	9.48	9.56	2168200	9.56	2425	凯撒股份	SZ31	3/17/14	9.54	9.7	9.5	9.57	1659500	9.57	2425	凯撒股份	SZ32	3/14/14	9.19	9.62	9.11	9.54	3386500	9.54	2425	凯撒股份	SZ33	3/13/14	9.3	9.45	8.77	9.41	5170500	9.41	2425	凯撒股份	SZ34	3/12/14	10.05	10.3	9.45	9.46	3782600	9.46	2425	凯撒股份	SZ35	3/11/14	10.2	10.5	9.9	10.2	7477400	10.2	2425	凯撒股份	SZ36	3/10/14	11	11	11	11	0	11	2425	凯撒股份	SZ37	3/7/14	11	11	11	11	0	11	2425	凯撒股份	SZ38	3/6/14	10.49	11.13	10.49	11	15826800	11	2425	凯撒股份	SZ39	3/5/14	10.52	10.65	10.36	10.49	3061100	10.49	2425	凯撒股份	SZ40	3/4/14	10.65	10.65	10.42	10.51	2469500	10.51	2425	凯撒股份	SZ41	3/3/14	10.45	10.71	10.45	10.65	3227700	10.65	2425	凯撒股份	SZ42	2/28/14	10.48	10.75	10	10.6	4860800	10.6	2425	凯撒股份	SZ43	2/27/14	10.54	11.04	10.5	10.64	6542900	10.64	2425	凯撒股份	SZ44	2/26/14	10.43	10.72	10.21	10.59	2999200	10.59	2425	凯撒股份	SZ45	2/25/14	10.67	10.8	10.28	10.53	3584800	10.53	2425	凯撒股份	SZ46	2/24/14	10.28	10.78	10.23	10.73	2869300	10.73	2425	凯撒股份	SZ47	2/21/14	10.32	10.51	10.15	10.42	4626100	10.42	2425	凯撒股份	SZ48	2/20/14	10.75	10.98	10.32	10.32	5429500	10.32	2425	凯撒股份	SZ49	2/19/14	10.97	11	10.67	10.71	3907300	10.71	2425	凯撒股份	SZ50	2/18/14	10.39	11.5	10.32	11.09	9532500	11.09	2425	凯撒股份	SZ51	2/17/14	10.31	10.6	10.24	10.45	4116400	10.45	2425	凯撒股份	SZ52	2/14/14	10.4	10.6	10.14	10.37	5214000	10.37	2425	凯撒股份	SZ53	2/13/14	10.29	10.49	10.11	10.38	3977600	10.38	2425	凯撒股份	SZ54	2/12/14	10	11	10	10.3	5377100	10.3	2425	凯撒股份	SZ55	2/11/14	9.95	10.2	9.89	10.14	3555000	10.14	2425	凯撒股份	SZ56	2/10/14	9.78	10.29	9.78	10.18	3997800	10.18	2425	凯撒股份	SZ57	2/7/14	9.84	10	9.75	9.94	2669300	9.94	2425	凯撒股份	SZ58	2/6/14	9.97	9.97	9.97	9.97	0	9.97	2425	凯撒股份	SZ59	2/5/14	9.97	9.97	9.97	9.97	0	9.97	2425	凯撒股份	SZ60	2/3/14	9.97	9.97	9.97	9.97	0	9.97	2425	凯撒股份	SZ61	1/31/14	9.97	9.97	9.97	9.97	0	9.97	2425	凯撒股份	SZ62	1/30/14	9.88	9.99	9.6	9.97	4513300	9.97	2425	凯撒股份	SZ63	1/29/14	10.01	10.17	9.84	9.86	2563400	9.86	2425	凯撒股份	SZ64	1/28/14	10.03	10.21	9.76	10.16	8048300	10.16	2425	凯撒股份	SZ65	1/27/14	10.01	10.3	9.85	10.03	4537400	10.03	2425	凯撒股份	SZ66	1/24/14	9.96	10.1	9.8	10.03	5676400	10.03	2425	凯撒股份	SZ67	1/23/14	9.65	10.05	9.5	10	9489200	10	2425	凯撒股份	SZ68	1/22/14	9	9.85	8.93	9.6	7917700	9.6	2425	凯撒股份	SZ69	1/21/14	8.67	9	8.67	9	3014100	9	2425	凯撒股份	SZ70	1/20/14	8.65	8.76	8.4	8.75	4112000	8.75	2425	凯撒股份	SZ71	1/17/14	8.87	8.87	8.5	8.6	3288500	8.6	2425	凯撒股份	SZ72	1/16/14	9.01	9.06	8.76	8.9	3988600	8.9	2425	凯撒股份	SZ73	1/15/14	9.17	9.31	8.96	9.07	5017400	9.07	2425	凯撒股份	SZ74	1/14/14	9.32	9.39	9.05	9.2	5067400	9.2	2425	凯撒股份	SZ75	1/13/14	8.88	9.34	8.69	9.32	6661500	9.32	2425	凯撒股份	SZ76	1/10/14	8.63	8.88	8.6	8.88	2657600	8.88	2425	凯撒股份	SZ77	1/9/14	8.65	8.81	8.52	8.63	2569500	8.63	2425	凯撒股份	SZ78	1/8/14	8.75	8.8	8.64	8.65	1226200	8.65	2425	凯撒股份	SZ79	1/7/14	8.75	9.08	8.65	8.8	3274200	8.8	2425	凯撒股份	SZ80	1/6/14	8.8	8.87	8.72	8.86	1839600	8.86	2425	凯撒股份	SZ81	1/3/14	8.83	8.88	8.71	8.85	2473400	8.85	2425	凯撒股份	SZ82	1/2/14	8.63	8.83	8.6	8.83	2978400	8.83	2425	凯撒股份	SZ83	1/1/14	8.63	8.63	8.63	8.63	0	8.63	2425	凯撒股份	SZ84	12/31/13	8.8	8.86	8.55	8.63	4549000	8.63	2425	凯撒股份	SZ85	12/30/13	8.8	9.35	8.7	8.76	4814200	8.76	2425	凯撒股份	SZ86	12/27/13	8.8	9.02	8.73	8.82	5021300	8.82	2425	凯撒股份	SZ87	12/26/13	8.57	8.95	8.5	8.8	6267000	8.8	2425	凯撒股份	SZ88	12/25/13	8.39	8.65	8.35	8.64	4240800	8.64	2425	凯撒股份	SZ89	12/24/13	8.49	8.79	8.3	8.4	2384700	8.4	2425	凯撒股份	SZ90	12/23/13	8.71	8.94	7.9	8.51	2167700	8.51	2425	凯撒股份	SZ91	12/20/13	8.68	8.78	8.67	8.72	986700	8.72	2425	凯撒股份	SZ92	12/19/13	8.64	8.9	8.55	8.67	1119900	8.67	2425	凯撒股份	SZ93	12/18/13	8.73	8.75	8.6	8.66	719000	8.66	2425	凯撒股份	SZ94	12/17/13	8.94	8.94	8.61	8.65	2009000	8.65	2425	凯撒股份	SZ95	12/16/13	8.84	9.1	8.72	8.9	1516200	8.9	2425	凯撒股份	SZ96	12/13/13	8.77	8.87	8.54	8.8	2472800	8.8	2425	凯撒股份	SZ97	12/12/13	9.15	9.15	8.79	8.8	2058700	8.8	2425	凯撒股份	SZ98	12/11/13	9.02	9.15	8.93	9.04	2365500	9.04	2425	凯撒股份	SZ99	12/10/13	8.85	9.04	8.71	8.99	4115600	8.99	2425	凯撒股份	SZ100	12/9/13	8.95	8.96	8.73	8.79	3150300	8.79	2425	凯撒股份	SZ101	12/6/13	9.02	9.17	8.89	8.93	3893100	8.93	2425	凯撒股份	SZ102	12/5/13	8.64	9.33	8.59	9.07	5749800	9.07	2425	凯撒股份	SZ103	12/4/13	8.41	8.64	8.35	8.62	3540000	8.62	2425	凯撒股份	SZ104	12/3/13	8.3	8.44	8.11	8.42	4133700	8.42	2425	凯撒股份	SZ105	12/2/13	7.91	8.39	7.91	8.28	3429400	8.28	2425	凯撒股份	SZ106	11/29/13	8.3	8.3	8.13	8.18	2208700	8.18	2425	凯撒股份	SZ107	11/28/13	8.35	8.42	8.21	8.26	2144500	8.26	2425	凯撒股份	SZ108	11/27/13	8.21	8.29	8.14	8.25	3040700	8.25	2425	凯撒股份	SZ109	11/26/13	8.24	8.33	8.18	8.22	1741700	8.22	2425	凯撒股份	SZ110	11/25/13	8.17	8.32	8.1	8.25	2807800	8.25	2425	凯撒股份	SZ111	11/22/13	8.36	8.48	8.22	8.28	2228700	8.28	2425	凯撒股份	SZ112	11/21/13	8.21	8.38	8.08	8.36	2424600	8.36	2425	凯撒股份	SZ113	11/20/13	8.3	8.3	8.1	8.24	2661000	8.24	2425	凯撒股份	SZ114	11/19/13	8.38	8.4	8.22	8.25	3766400	8.25	2425	凯撒股份	SZ115	11/18/13	8.24	8.38	8.12	8.33	4475400	8.33	2425	凯撒股份	SZ116	11/15/13	8.08	8.2	8.07	8.12	3246500	8.12	2425	凯撒股份	SZ117	11/14/13	7.95	8.26	7.95	8.14	3771900	8.14	2425	凯撒股份	SZ118	11/13/13	8.01	8.07	7.91	8	4070200	8	2425	凯撒股份	SZ119	11/12/13	8.1	8.31	8	8.06	5934300	8.06	2425	凯撒股份	SZ120	11/11/13	8.09	8.19	7.98	8.12	6624700	8.12	2425	凯撒股份	SZ121	11/8/13	7.84	8.19	7.75	8.11	11318200	8.11	2425	凯撒股份	SZ122	11/7/13	7.52	7.83	7.46	7.83	8233800	7.83	2425	凯撒股份	SZ123	11/6/13	7.44	7.6	7.27	7.6	9121700	7.6	2425	凯撒股份	SZ124	11/5/13	7.2	7.41	7.16	7.41	4973900	7.41	2425	凯撒股份	SZ125	11/4/13	7.3	7.32	7.06	7.23	3987100	7.23	2425	凯撒股份	SZ126	11/1/13	7.43	7.46	7.3	7.31	4543200	7.31	2425	凯撒股份	SZ127	10/31/13	7.3	7.44	7.24	7.42	6578700	7.42	2425	凯撒股份	SZ128	10/30/13	7.2	7.52	7.12	7.33	8675000	7.33	2425	凯撒股份	SZ129	10/29/13	7.25	7.28	6.94	7.2	6004100	7.2	2425	凯撒股份	SZ130	10/28/13	7.04	7.28	7	7.25	6707200	7.25	2425	凯撒股份	SZ131	10/25/13	7.03	7.22	6.91	7.05	6250600	7.05	2425	凯撒股份	SZ132	10/24/13	7.06	7.1	6.93	6.94	1645800	6.94	2425	凯撒股份	SZ133	10/23/13	7.16	7.19	6.82	7.07	3385300	7.07	2425	凯撒股份	SZ134	10/22/13	7.1	7.21	7.04	7.2	3609200	7.2	2425	凯撒股份	SZ135	10/21/13	6.98	7.1	6.95	7.08	2873300	7.08	2425	凯撒股份	SZ136	10/18/13	6.91	7.12	6.91	6.98	2714000	6.98	2425	凯撒股份	SZ137	10/17/13	7.06	7.38	6.97	6.98	6547700	6.98	2425	凯撒股份	SZ138	10/16/13	7.05	7.2	6.96	7.1	8980500	7.1	2425	凯撒股份	SZ139	10/15/13	7.03	7.03	6.85	7.01	5254900	7.01	2425	凯撒股份	SZ140	10/14/13	6.79	7.16	6.73	7.03	7804600	7.03	2425	凯撒股份	SZ141	10/11/13	6.78	6.84	6.69	6.77	4040600	6.77	2425	凯撒股份	SZ142	10/10/13	6.59	6.87	6.55	6.79	5625600	6.79	2425	凯撒股份	SZ143	10/9/13	6	6.75	6	6.71	7845200	6.71	2425	凯撒股份	SZ144	10/8/13	6.47	6.58	6.44	6.55	1296100	6.55	2425	凯撒股份	SZ145	10/7/13	6.49	6.49	6.49	6.49	0	6.49	2425	凯撒股份	SZ146	10/4/13	6.49	6.49	6.49	6.49	0	6.49	2425	凯撒股份	SZ147	10/3/13	6.49	6.49	6.49	6.49	0	6.49	2425	凯撒股份	SZ148	10/2/13	6.49	6.49	6.49	6.49	0	6.49	2425	凯撒股份	SZ149	10/1/13	6.49	6.49	6.49	6.49	0	6.49	2425	凯撒股份	SZ150	9/30/13	6.49	6.55	6.39	6.49	1284300	6.49	2425	凯撒股份	SZ151	9/27/13	6.52	6.59	6.45	6.49	1339600	6.49	2425	凯撒股份	SZ152	9/26/13	6.71	6.71	6.55	6.55	1600100	6.55	2425	凯撒股份	SZ153	9/25/13	6.81	6.81	6.66	6.72	2281600	6.72	2425	凯撒股份	SZ154	9/24/13	6.74	6.84	6.68	6.8	2756300	6.8	2425	凯撒股份	SZ155	9/23/13	6.6	6.78	6.6	6.78	3289000	6.78	2425	凯撒股份	SZ156	9/20/13	6.62	6.62	6.62	6.62	0	6.62	2425	凯撒股份	SZ157	9/18/13	6.54	6.64	6.51	6.62	1206100	6.62	2425	凯撒股份	SZ158	9/17/13	6.61	6.64	6.54	6.55	1669300	6.55	2425	凯撒股份	SZ159	9/16/13	6.7	6.75	6.57	6.64	3555300	6.64	2425	凯撒股份	SZ160	9/13/13	6.52	6.69	6.47	6.68	3594100	6.68	2425	凯撒股份	SZ161	9/12/13	6.51	6.55	6.43	6.53	2017700	6.53	2425	凯撒股份	SZ162	9/11/13	6.61	6.7	6.46	6.54	3502800	6.54	2425	凯撒股份	SZ163	9/10/13	6.6	6.61	6.54	6.59	2401100	6.59	2425	凯撒股份	SZ164	9/9/13	6.59	6.65	6.57	6.6	2261600	6.6	2425	凯撒股份	SZ165	9/6/13	6.46	6.67	6.42	6.59	3011800	6.59	2425	凯撒股份	SZ166	9/5/13	6.53	6.56	6.47	6.51	1748600	6.51	2425	凯撒股份	SZ167	9/4/13	6.44	6.55	6.4	6.53	1775700	6.53	2425	凯撒股份	SZ168	9/3/13	6.49	6.49	6.39	6.46	1614800	6.46	2425	凯撒股份	SZ169	9/2/13	6.46	6.46	6.3	6.41	1816400	6.41	2425	凯撒股份	SZ170	8/30/13	6.51	6.6	6.43	6.46	2865600	6.46	2425	凯撒股份	SZ171	8/29/13	6.58	6.66	6.36	6.58	2683100	6.58	2425	凯撒股份	SZ172	8/28/13	6.58	6.73	6.48	6.58	6243200	6.58	2425	凯撒股份	SZ173	8/27/13	6.32	6.62	6.27	6.6	3240400	6.6	2425	凯撒股份	SZ174	8/26/13	6.22	6.31	6.21	6.3	1758800	6.3	2425	凯撒股份	SZ175	8/23/13	6.38	6.42	6.13	6.22	2643300	6.22	2425	凯撒股份	SZ176	8/22/13	6.48	6.55	6.37	6.39	2151500	6.39	2425	凯撒股份	SZ177	8/21/13	6.61	6.61	6.4	6.51	2292700	6.51	2425	凯撒股份	SZ178	8/20/13	6.51	6.65	6.51	6.62	2003000	6.62	2425	凯撒股份	SZ179	8/19/13	6.47	6.56	6.4	6.55	1523500	6.55	2425	凯撒股份	SZ180	8/16/13	6.53	6.69	6.47	6.52	2358500	6.52	2425	凯撒股份	SZ181	8/15/13	6.66	6.7	6.55	6.56	1531100	6.56	2425	凯撒股份	SZ182	8/14/13	6.71	6.78	6.59	6.66	2126900	6.66	2425	凯撒股份	SZ183	8/13/13	6.66	6.76	6.65	6.75	2025800	6.75	2425	凯撒股份	SZ184	8/12/13	6.6	6.72	6.56	6.7	2827100	6.7	2425	凯撒股份	SZ185	8/9/13	6.66	6.68	6.45	6.61	2285600	6.61	2425	凯撒股份	SZ186	8/8/13	6.63	6.74	6.56	6.61	2381100	6.61	2425	凯撒股份	SZ187	8/7/13	6.98	7.09	6.6	6.64	4731000	6.64	2425	凯撒股份	SZ188	8/6/13	6.75	7	6.71	6.94	4534700	6.94	2425	凯撒股份	SZ189	8/5/13	6.63	6.78	6.6	6.78	2375600	6.78	2425	凯撒股份	SZ190	8/2/13	6.63	6.75	6.58	6.62	2524300	6.62	2425	凯撒股份	SZ191	8/1/13	6.45	6.65	6.45	6.63	3517500	6.63	2425	凯撒股份	SZ192	7/31/13	6.51	6.53	6.4	6.46	3382200	6.46	2425	凯撒股份	SZ193	7/30/13	6.5	6.56	6.35	6.46	3537200	6.46	2425	凯撒股份	SZ194	7/29/13	6.5	6.56	6.36	6.51	2928700	6.51	2425	凯撒股份	SZ195	7/26/13	6.58	6.61	6.42	6.5	1692000	6.5	2425	凯撒股份	SZ196	7/25/13	6.78	6.79	6.57	6.65	4421800	6.65	2425	凯撒股份	SZ197	7/24/13	6.66	6.8	6.49	6.8	6378000	6.8	2425	凯撒股份	SZ198	7/23/13	6.48	6.67	6.43	6.67	5023700	6.67	2425	凯撒股份	SZ199	7/22/13	6.5	6.59	6.31	6.42	2949700	6.42	2425	凯撒股份	SZ200	7/19/13	6.65	6.75	6.41	6.61	5211700	6.61	2425	凯撒股份	SZ201	7/18/13	6.49	6.76	6.46	6.66	5072200	6.66	2425	凯撒股份	SZ202	7/17/13	6.48	6.68	6.36	6.61	5476200	6.61	2425	凯撒股份	SZ203	7/16/13	6.35	6.55	6.35	6.48	2747900	6.48	2425	凯撒股份	SZ204	7/15/13	6.31	6.57	6.31	6.43	2420500	6.43	2425	凯撒股份	SZ205	7/12/13	6.34	6.59	6.29	6.4	4012400	6.4	2425	凯撒股份	SZ206	7/11/13	6.13	6.55	6.07	6.45	4941000	6.45	2425	凯撒股份	SZ207	7/10/13	5.96	6.18	5.9	6.13	1953100	6.13	2425	凯撒股份	SZ208	7/9/13	5.98	6.03	5.89	6.03	1494300	6.03	2425	凯撒股份	SZ209	7/8/13	6.12	6.12	5.88	6.01	2115300	6.01	2425	凯撒股份	SZ210	7/5/13	6.16	6.21	6.05	6.15	2294200	6.15	2425	凯撒股份	SZ211	7/4/13	6.05	6.21	5.92	6.15	2159200	6.15	2425	凯撒股份	SZ212	7/3/13	6.18	6.18	5.86	6.02	1338000	6.02	2425	凯撒股份	SZ213	7/2/13	5.95	6.05	5.88	6.05	1161900	6.05	2425	凯撒股份	SZ214	7/1/13	5.89	6.03	5.81	6	739500	6	2425	凯撒股份	SZ215	6/28/13	5.69	6.05	5.52	5.97	1273800	5.97	2425	凯撒股份	SZ216	6/27/13	6	6.05	5.75	5.75	1264300	5.75	2425	凯撒股份	SZ217	6/26/13	5.94	6.06	5.77	6	1240900	6	2425	凯撒股份	SZ218	6/25/13	5.9	6.16	5.53	6.02	1660600	6.02	2425	凯撒股份	SZ219	6/24/13	6.15	6.3	5.62	6.14	1723800	6.14	2425	凯撒股份	SZ220	6/21/13	6.21	6.22	6.05	6.16	810400	6.16	2425	凯撒股份	SZ221	6/20/13	6.4	6.47	6.28	6.29	908300	6.29	2425	凯撒股份	SZ222	6/19/13	6.31	6.47	6.2	6.41	758900	6.41	2425	凯撒股份	SZ223	6/18/13	6.37	6.45	6.33	6.41	647600	6.41	2425	凯撒股份	SZ224	6/17/13	6.35	6.44	6.2	6.38	706700	6.38	2425	凯撒股份	SZ225	6/14/13	6.25	6.39	6.24	6.33	689500	6.33	2425	凯撒股份	SZ226	6/13/13	6.34	6.34	6.1	6.26	1377600	6.26	2425	凯撒股份	SZ227	6/12/13	6.43	6.43	6.43	6.43	0	6.43	2425	凯撒股份	SZ228	6/11/13	6.43	6.43	6.43	6.43	0	6.43	2425	凯撒股份	SZ229	6/10/13	6.43	6.43	6.43	6.43	0	6.43	2425	凯撒股份	SZ230	6/7/13	6.63	6.67	6.31	6.43	2128800	6.43	2425	凯撒股份	SZ231	6/6/13	7	7	6.61	6.63	3499000	6.63	2425	凯撒股份	SZ232	6/5/13	6.77	7.37	6.67	7.04	6856800	7.04	2425	凯撒股份	SZ233	6/4/13	6.78	6.83	6.59	6.83	2156200	6.83	2425	凯撒股份	SZ234	6/3/13	6.81	6.87	6.55	6.84	3481500	6.84	2425	凯撒股份	SZ235	5/31/13	6.91	6.97	6.82	6.84	2560200	6.84	2425	凯撒股份	SZ236	5/30/13	6.93	6.98	6.85	6.9	1775700	6.9	2425	凯撒股份	SZ237	5/29/13	6.78	6.94	6.76	6.92	2204300	6.92	2425	凯撒股份	SZ238	5/28/13	6.92	6.94	6.74	6.8	2372200	6.8	2425	凯撒股份	SZ239	5/27/13	6.7	6.97	6.66	6.92	4763900	6.92	2425	凯撒股份	SZ240	5/24/13	6.48	6.71	6.47	6.69	1855000	6.69	2425	凯撒股份	SZ241	5/23/13	6.48	6.59	6.46	6.48	1916400	6.48	2425	凯撒股份	SZ242	5/22/13	6.63	6.63	6.46	6.52	2248300	6.52	2425	凯撒股份	SZ243	5/21/13	6.47	6.64	6.43	6.63	3531900	6.63	2425	凯撒股份	SZ244	5/20/13	6.35	6.49	6.27	6.46	3312600	6.46	2425	凯撒股份	SZ245	5/17/13	6.22	6.33	6.2	6.32	2986700	6.32	2425	凯撒股份	SZ246	5/16/13	6.24	6.26	6.17	6.21	2284300	6.21	2425	凯撒股份	SZ247	5/15/13	6.17	6.28	6.12	6.22	2166200	6.22	2425	凯撒股份	SZ248	5/14/13	6.37	6.37	6.01	6.2	4871300	6.2	2425	凯撒股份	SZ249	5/13/13	6.55	6.57	6.38	6.48	5022200	6.48	2425	凯撒股份	SZ250	5/10/13	6.5	6.59	6.48	6.57	669600	6.57	2425	凯撒股份	SZ251	5/9/13	6.59	6.6	6.44	6.56	917300	6.56	2425	凯撒股份	SZ252	5/8/13	6.71	6.76	6.53	6.58	1428700	6.58	2425	凯撒股份	SZ253	5/7/13	6.73	6.74	6.67	6.71	572800	6.71	2425	凯撒股份	SZ254	5/6/13	6.72	6.76	6.65	6.73	1279300	6.73	2425	凯撒股份	SZ255	5/3/13	6.52	6.72	6.51	6.67	1166300	6.67	2425	凯撒股份	SZ256	5/2/13	6.48	6.52	6.28	6.52	748500	6.52	2425	凯撒股份	SZ257	5/1/13	6.43	6.43	6.43	6.43	0	6.43	2425	凯撒股份	SZ258	4/30/13	6.43	6.43	6.43	6.43	0	6.43	2425	凯撒股份	SZ259	4/29/13	6.43	6.43	6.43	6.43	0	6.43	2425	凯撒股份	SZ260	4/26/13	6.63	6.79	6.42	6.43	1848300	6.43	2425	凯撒股份	SZ261	4/25/13	7.09	7.14	6.58	6.71	2851300	6.71	2425	凯撒股份	SZ262	4/24/13	7.07	7.26	7.02	7.16	2797600	7.16	2425	凯撒股份	SZ263	4/23/13	7.24	7.3	7.06	7.21	1772600	7.21	2425	凯撒股份	SZ264	4/22/13	7.55	7.55	7.16	7.25	6865300	7.25	2425	凯撒股份	SZ265	4/19/13	7.44	7.7	7.41	7.63	3284000	7.63	2425	凯撒股份	SZ266	4/18/13	7.4	7.5	7.34	7.44	1473100	7.44	2425	凯撒股份	SZ267	4/17/13	7.4	7.42	7.34	7.4	1187700	7.4	2425	凯撒股份	SZ268	4/16/13	7.3	7.4	7.3	7.4	999500	7.4	2425	凯撒股份	SZ269	4/15/13	7.31	7.38	7.27	7.36	969700	7.36	2425	凯撒股份	SZ270	4/12/13	7.36	7.41	7.32	7.34	1078800	7.34	2425	凯撒股份	SZ271	4/11/13	7.43	7.48	7.33	7.34	1508800	7.34	2425	凯撒股份	SZ272	4/10/13	7.53	7.58	7.35	7.43	1818600	7.43	2425	凯撒股份	SZ273	4/9/13	7.45	7.56	7.4	7.5	1934200	7.5	2425	凯撒股份	SZ274	4/8/13	7.44	7.47	7.2	7.46	2413500	7.46	2425	凯撒股份	SZ275	4/5/13	7.45	7.45	7.45	7.45	0	7.45	2425	凯撒股份	SZ276	4/4/13	7.45	7.45	7.45	7.45	0	7.45	2425	凯撒股份	SZ277	4/3/13	7.4	7.51	7.31	7.45	2167000	7.45	2425	凯撒股份	SZ278	4/2/13	7.48	7.62	7.3	7.47	4803400	7.47	2425	凯撒股份	SZ279	4/1/13	8.05	8.24	7.91	8.17	4136100	6.76	2425	凯撒股份	SZ280	3/29/13	8.08	8.37	8.08	8.2	5135100	6.79	2425	凯撒股份	SZ281	3/28/13	8.18	8.47	8.04	8.23	9072000	6.81	2425	凯撒股份	SZ282	3/27/13	8.42	8.75	8.18	8.43	17127200	6.98	2425	凯撒股份	SZ283	3/26/13	7.48	8.4	7.44	8.4	17478400	6.95	2425	凯撒股份	SZ284	3/25/13	7.96	8.12	7.6	7.63	10306200	6.32	2425	凯撒股份	SZ285	3/22/13	7.32	7.44	7.3	7.41	1648400	6.13	2425	凯撒股份	SZ286	3/21/13	7.32	7.43	7.24	7.35	2614600	6.08	2425	凯撒股份	SZ287	3/20/13	7.04	7.4	6.99	7.38	4220300	6.11	2425	凯撒股份	SZ288	3/19/13	6.98	7.07	6.91	7.03	1706600	5.82	2425	凯撒股份	SZ289	3/18/13	6.89	7.07	6.85	6.98	1062400	5.78	2425	凯撒股份	SZ290	3/15/13	6.99	6.99	6.85	6.94	893200	5.75	2425	凯撒股份	SZ291	3/14/13	6.88	6.98	6.82	6.96	1112400	5.76	2425	凯撒股份	SZ292	3/13/13	6.85	6.94	6.81	6.85	743500	5.67	2425	凯撒股份	SZ293	3/12/13	6.93	6.97	6.79	6.89	2010700	5.71	2425	凯撒股份	SZ294	3/11/13	6.92	7	6.91	6.95	902900	5.75	2425	凯撒股份	SZ295	3/8/13	7.1	7.19	6.93	6.94	1396700	5.75	2425	凯撒股份	SZ296	3/7/13	7.21	7.23	7.02	7.04	1934900	5.83	2425	凯撒股份	SZ297	3/6/13	6.99	7.21	6.94	7.14	3344400	5.91	2425	凯撒股份	SZ298	3/5/13	6.7	7.05	6.7	6.99	3342000	5.79	2425	凯撒股份	SZ299	3/4/13	6.8	6.88	6.68	6.75	3358000	5.59	2425	凯撒股份	SZ300	3/1/13	6.78	6.87	6.68	6.82	2558400	5.65	2425	凯撒股份	SZ301	2/28/13	6.87	6.91	6.74	6.77	3570000	5.6	2425	凯撒股份	SZ302	2/27/13	6.56	6.81	6.56	6.76	3326000	5.59	2425	凯撒股份	SZ303	2/26/13	6.48	6.68	6.41	6.57	1999600	5.44	2425	凯撒股份	SZ304	2/25/13	6.46	6.57	6.39	6.5	1185800	5.38	2425	凯撒股份	SZ305	2/22/13	6.42	6.47	6.33	6.41	798400	5.3	2425	凯撒股份	SZ306	2/21/13	6.62	6.63	6.4	6.41	1369400	5.3	2425	凯撒股份	SZ307	2/20/13	6.53	6.7	6.51	6.62	1062100	5.48	2425	凯撒股份	SZ308	2/19/13	6.63	6.65	6.54	6.56	1814500	5.43	2425	凯撒股份	SZ309	2/18/13	6.52	6.75	6.42	6.71	2269100	5.55	2425	凯撒股份	SZ310	2/15/13	6.53	6.53	6.53	6.53	0	5.4	2425	凯撒股份	SZ311	2/14/13	6.53	6.53	6.53	6.53	0	5.4	2425	凯撒股份	SZ312	2/13/13	6.53	6.53	6.53	6.53	0	5.4	2425	凯撒股份	SZ313	2/12/13	6.53	6.53	6.53	6.53	0	5.4	2425	凯撒股份	SZ314	2/11/13	6.53	6.53	6.53	6.53	0	5.4	2425	凯撒股份	SZ315	2/8/13	6.33	6.61	6.33	6.53	3283100	5.4	2425	凯撒股份	SZ316	2/7/13	6.39	6.45	6.3	6.38	1174600	5.28	2425	凯撒股份	SZ317	2/6/13	6.38	6.43	6.31	6.4	1289300	5.3	2425	凯撒股份	SZ318	2/5/13	6.46	6.49	6.23	6.38	2870000	5.28	2425	凯撒股份	SZ319	2/4/13	6.69	7.07	6.52	6.54	5924300	5.42	2425	凯撒股份	SZ320	2/1/13	6.41	7.16	6.27	6.84	11405800	5.66	2425	凯撒股份	SZ321	1/31/13	6.14	6.58	5.96	6.54	4964000	5.42	2425	凯撒股份	SZ322	1/30/13	6.18	6.18	5.99	6.08	1446700	5.04	2425	凯撒股份	SZ323	1/29/13	5.95	6.12	5.95	6.08	1245700	5.04	2425	凯撒股份	SZ324	1/28/13	5.9	6.03	5.84	5.98	1322800	4.95	2425	凯撒股份	SZ325	1/25/13	5.9	5.9	5.8	5.85	738800	4.84	2425	凯撒股份	SZ326	1/24/13	6.04	6.11	5.85	5.88	1790200	4.86	2425	凯撒股份	SZ327	1/23/13	6.09	6.17	5.9	6	1769100	4.97	2425	凯撒股份	SZ328	1/22/13	6.22	6.25	6.04	6.09	1792200	5.04	2425	凯撒股份	SZ329	1/21/13	6.22	6.38	6.11	6.2	1839100	5.13	2425	凯撒股份	SZ330	1/18/13	6.04	6.46	6.04	6.25	4235800	5.17	2425	凯撒股份	SZ331	1/17/13	6.24	6.24	6.02	6.09	2448600	5.04	2425	凯撒股份	SZ332	1/16/13	6.08	6.21	5.97	6.19	4173600	5.13	2425	凯撒股份	SZ333	1/15/13	5.95	6.2	5.92	6.07	4239900	5.03	2425	凯撒股份	SZ334	1/14/13	5.73	5.95	5.68	5.93	1914800	4.91	2425	凯撒股份	SZ335	1/11/13	6.01	6.03	5.76	5.77	2422100	4.77	2425	凯撒股份	SZ336	1/10/13	5.98	6.03	5.93	6	1822000	4.97	2425	凯撒股份	SZ337	1/9/13	5.97	6.07	5.92	5.99	2595200	4.96	2425	凯撒股份	SZ338	1/8/13	6.04	6.04	5.88	5.97	2686800	4.95	2425	凯撒股份	SZ339	1/7/13	5.84	6.03	5.83	6.01	2734000	4.97	2425	凯撒股份	SZ340	1/4/13	5.88	5.92	5.75	5.84	1676100	4.84	2425	凯撒股份	SZ341	1/3/13	5.86	5.86	5.86	5.86	0	4.85	2425	凯撒股份	SZ342	1/2/13	5.86	5.86	5.86	5.86	0	4.85	2425	凯撒股份	SZ343	1/1/13	5.86	5.86	5.86	5.86	0	4.85	2425	凯撒股份	SZ344	12/31/12	5.82	5.86	5.77	5.86	1614100	4.85	2425	凯撒股份	SZ345	12/28/12	5.75	5.84	5.64	5.83	2561800	4.83	2425	凯撒股份	SZ346	12/27/12	5.97	6	5.79	5.8	3638700	4.8	2425	凯撒股份	SZ347	12/26/12	5.91	5.91	5.91	5.91	0	4.89	2425	凯撒股份	SZ348	12/25/12	5.82	5.96	5.76	5.91	3587800	4.89	2425	凯撒股份	SZ349	12/24/12	5.79	5.88	5.76	5.83	2604400	4.83	2425	凯撒股份	SZ350	12/21/12	5.89	5.95	5.73	5.82	4663600	4.82	2425	凯撒股份	SZ351	12/20/12	6.18	6.21	5.81	5.96	6589800	4.93	2425	凯撒股份	SZ352	12/19/12	6.46	6.57	6.1	6.16	10867200	5.1	2425	凯撒股份	SZ353	12/18/12	5.38	5.97	5.38	5.97	4194600	4.95	2425	凯撒股份	SZ354	12/17/12	5.35	5.47	5.35	5.43	740600	4.5	2425	凯撒股份	SZ355	12/14/12	5.16	5.39	5.16	5.38	1247100	4.46	2425	凯撒股份	SZ356	12/13/12	5.28	5.28	5.17	5.18	544400	4.28	2425	凯撒股份	SZ357	12/12/12	5.29	5.37	5.23	5.28	735800	4.37	2425	凯撒股份	SZ358	12/11/12	5.3	5.37	5.27	5.3	595000	4.39	2425	凯撒股份	SZ359	12/10/12	5.24	5.46	5.22	5.36	770200	4.44	2425	凯撒股份	SZ360	12/7/12	5.16	5.25	5.12	5.24	954200	4.34	2425	凯撒股份	SZ361	12/6/12	5.15	5.18	5.1	5.12	410800	4.24	2425	凯撒股份	SZ362	12/5/12	5.01	5.22	4.99	5.15	952100	4.26	2425	凯撒股份	SZ363	12/4/12	4.88	5.03	4.72	5.01	517700	4.15	2425	凯撒股份	SZ364	12/3/12	5.1	5.14	4.96	4.96	414900	4.1	2425	凯撒股份	SZ365	11/30/12	5.04	5.13	5.04	5.1	389000	4.22	2425	凯撒股份	SZ366	11/29/12	5.09	5.12	5.03	5.06	315800	4.19	2425	凯撒股份	SZ367	11/28/12	5.26	5.31	5.06	5.08	641800	4.21	2425	凯撒股份	SZ368	11/27/12	5.61	5.65	5.26	5.33	502100	4.42	2425	凯撒股份	SZ369	11/26/12	5.74	5.79	5.66	5.66	285200	4.68	2425	凯撒股份	SZ370	11/23/12	5.74	5.83	5.74	5.78	261700	4.78	2425	凯撒股份	SZ371	11/22/12	5.88	5.88	5.75	5.78	451200	4.78	2425	凯撒股份	SZ372	11/21/12	5.75	5.91	5.75	5.88	681800	4.87	2425	凯撒股份	SZ373	11/20/12	5.88	5.89	5.79	5.8	342600	4.8	2425	凯撒股份	SZ374	11/19/12	5.85	5.87	5.68	5.87	515500	4.86	2425	凯撒股份	SZ375	11/16/12	5.73	6.24	5.73	5.84	793100	4.84	2425	凯撒股份	SZ376	11/15/12	5.77	5.79	5.68	5.68	373700	4.7	2425	凯撒股份	SZ377	11/14/12	5.8	5.83	5.71	5.77	354000	4.77	2425	凯撒股份	SZ378	11/13/12	5.88	5.92	5.75	5.78	739600	4.79	2425	凯撒股份	SZ379	11/12/12	5.94	5.95	5.85	5.9	410100	4.88	2425	凯撒股份	SZ380	11/9/12	5.84	5.91	5.83	5.88	476700	4.86	2425	凯撒股份	SZ381	11/8/12	6.04	6.08	5.85	5.86	646400	4.85	2425	凯撒股份	SZ382	11/7/12	6.14	6.15	6.09	6.11	211600	5.06	2425	凯撒股份	SZ383	11/6/12	6.22	6.22	5.97	6.13	669600	5.08	2425	凯撒股份	SZ384	11/5/12	6.2	6.26	6.19	6.2	602700	5.13	2425	凯撒股份	SZ385	11/2/12	6.28	6.28	6.22	6.25	410700	5.17	2425	凯撒股份	SZ386	11/1/12	6.22	6.29	6.16	6.28	628700	5.19	2425	凯撒股份	SZ387	10/31/12	6.21	6.21	6.08	6.16	419400	5.1	2425	凯撒股份	SZ388	10/30/12	6.12	6.22	6.12	6.18	277500	5.12	2425	凯撒股份	SZ389	10/29/12	6.13	6.19	6.07	6.13	334800	5.08	2425	凯撒股份	SZ390	10/26/12	6.24	6.24	6.11	6.13	701900	5.08	2425	凯撒股份	SZ391	10/25/12	6.3	6.34	6.25	6.25	468800	5.17	2425	凯撒股份	SZ392	10/24/12	6.3	6.37	6.29	6.3	485900	5.22	2425	凯撒股份	SZ393	10/23/12	6.49	6.49	6.35	6.35	859800	5.26	2425	凯撒股份	SZ394	10/22/12	6.45	6.52	6.39	6.48	660600	5.37	2425	凯撒股份	SZ395	10/19/12	6.47	6.51	6.4	6.47	722800	5.36	2425	凯撒股份	SZ396	10/18/12	6.38	6.47	6.36	6.45	643700	5.34	2425	凯撒股份	SZ397	10/17/12	6.33	6.38	6.3	6.36	369700	5.26	2425	凯撒股份	SZ398	10/16/12	6.28	6.39	6.28	6.33	463500	5.24	2425	凯撒股份	SZ399	10/15/12	6.28	6.33	6.22	6.28	459500	5.19	2425	凯撒股份	SZ400	10/12/12	6.36	6.47	6.27	6.34	709300	5.25	2425	凯撒股份	SZ401	10/11/12	6.5	6.53	6.38	6.38	741500	5.28	2425	凯撒股份	SZ402	10/10/12	6.38	6.57	6.38	6.54	1009200	5.42	2425	凯撒股份	SZ403	10/9/12	6.3	6.45	6.3	6.43	693600	5.33	2425	凯撒股份	SZ404	10/8/12	6.25	6.35	6.25	6.3	324000	5.22	2425	凯撒股份	SZ405	10/5/12	6.32	6.32	6.32	6.32	0	5.23	2425	凯撒股份	SZ406	10/4/12	6.32	6.32	6.32	6.32	0	5.23	2425	凯撒股份	SZ407	10/3/12	6.32	6.32	6.32	6.32	0	5.23	2425	凯撒股份	SZ408	10/2/12	6.32	6.32	6.32	6.32	0	5.23	2425	凯撒股份	SZ409	10/1/12	6.32	6.32	6.32	6.32	0	5.23	2425	凯撒股份	SZ410	9/28/12	6.23	6.38	6.22	6.32	466400	5.23	2425	凯撒股份	SZ411	9/27/12	6.13	6.32	6.11	6.24	657400	5.17	2425	凯撒股份	SZ412	9/26/12	6.22	6.27	6.12	6.13	540000	5.08	2425	凯撒股份	SZ413	9/25/12	6.26	6.34	6.22	6.28	532600	5.19	2425	凯撒股份	SZ414	9/24/12	6.37	6.37	6.23	6.31	627500	5.22	2425	凯撒股份	SZ415	9/21/12	6.35	6.43	6.32	6.37	717600	5.27	2425	凯撒股份	SZ416	9/20/12	6.56	6.56	6.35	6.36	820800	5.26	2425	凯撒股份	SZ417	9/19/12	6.48	6.57	6.48	6.56	359800	5.43	2425	凯撒股份	SZ418	9/18/12	6.49	6.54	6.38	6.49	483600	5.37	2425	凯撒股份	SZ419	9/17/12	6.72	6.73	6.47	6.48	1074900	5.37	2425	凯撒股份	SZ420	9/14/12	6.82	6.84	6.68	6.72	1307900	5.56	2425	凯撒股份	SZ421	9/13/12	6.89	6.92	6.76	6.76	1104500	5.59	2425	凯撒股份	SZ422	9/12/12	6.88	6.89	6.79	6.89	1191400	5.71	2425	凯撒股份	SZ423	9/11/12	6.87	6.87	6.78	6.83	1005900	5.66	2425	凯撒股份	SZ424	9/10/12	6.88	6.97	6.79	6.88	1188900	5.69	2425	凯撒股份	SZ425	9/7/12	6.62	6.91	6.62	6.83	2491600	5.66	2425	凯撒股份	SZ426	9/6/12	6.57	6.63	6.5	6.61	877200	5.47	2425	凯撒股份	SZ427	9/5/12	6.49	6.57	6.39	6.55	963700	5.42	2425	凯撒股份	SZ428	9/4/12	6.61	6.64	6.49	6.49	920300	5.37	2425	凯撒股份	SZ429	9/3/12	6.55	6.62	6.48	6.61	853000	5.47	2425	凯撒股份	SZ430	8/31/12	6.5	6.56	6.47	6.49	536100	5.37	2425	凯撒股份	SZ431	8/30/12	6.46	6.61	6.36	6.5	1095000	5.38	2425	凯撒股份	SZ432	8/29/12	6.57	6.57	6.43	6.48	1283400	5.37	2425	凯撒股份	SZ433	8/28/12	6.57	6.65	6.48	6.53	860800	5.41	2425	凯撒股份	SZ434	8/27/12	6.77	6.77	6.53	6.53	1649400	5.4	2425	凯撒股份	SZ435	8/24/12	7.2	7.21	6.83	6.83	1935500	5.66	2425	凯撒股份	SZ436	8/23/12	7.19	7.27	7.08	7.22	1583900	5.98	2425	凯撒股份	SZ437	8/22/12	7.26	7.31	7.05	7.2	2445800	5.96	2425	凯撒股份	SZ438	8/21/12	7.24	7.38	7.19	7.28	1849800	6.03	2425	凯撒股份	SZ439	8/20/12	7.1	7.28	7.04	7.24	1426200	5.99	2425	凯撒股份	SZ440	8/17/12	7.15	7.18	7.04	7.12	1390600	5.89	2425	凯撒股份	SZ441	8/16/12	7.33	7.38	7.17	7.18	1985400	5.94	2425	凯撒股份	SZ442	8/15/12	7.35	7.53	7.16	7.4	3233000	6.13	2425	凯撒股份	SZ443	8/14/12	7.26	7.37	7.11	7.32	2859000	6.06	2425	凯撒股份	SZ444	8/13/12	7.46	7.79	7.29	7.32	5663100	6.06	2425	凯撒股份	SZ445	8/10/12	7.3	7.67	7.19	7.51	6929800	6.22	2425	凯撒股份	SZ446	8/9/12	6.92	7.47	6.86	7.35	7711900	6.08	2425	凯撒股份	SZ447	8/8/12	7	7.02	6.85	6.92	2158800	5.73	2425	凯撒股份	SZ448	8/7/12	6.84	6.98	6.81	6.97	3063000	5.77	2425	凯撒股份	SZ449	8/6/12	6.69	6.87	6.63	6.86	2410100	5.68	2425	凯撒股份	SZ450	8/3/12	6.83	6.83	6.59	6.74	2504600	5.58	2425	凯撒股份	SZ451	8/2/12	6.9	7.07	6.82	6.83	3367800	5.66	2425	凯撒股份	SZ452	8/1/12	6.79	6.97	6.71	6.94	5580200	5.75	2425	凯撒股份	SZ453	7/31/12	6.58	6.9	6.36	6.8	4293600	5.63	2425	凯撒股份	SZ454	7/30/12	6.77	6.77	6.77	6.77	0	5.6	2425	凯撒股份	SZ455	7/27/12	6.66	6.83	6.59	6.77	2333300	5.6	2425	凯撒股份	SZ456	7/26/12	6.72	6.77	6.62	6.66	856600	5.51	2425	凯撒股份	SZ457	7/25/12	6.75	6.78	6.62	6.73	896900	5.57	2425	凯撒股份	SZ458	7/24/12	6.68	6.83	6.6	6.74	1156800	5.58	2425	凯撒股份	SZ459	7/23/12	6.7	6.83	6.58	6.75	961600	5.59	2425	凯撒股份	SZ460	7/20/12	6.82	6.92	6.71	6.78	1624400	5.61	2425	凯撒股份	SZ461	7/19/12	6.74	6.95	6.71	6.85	2378400	5.67	2425	凯撒股份	SZ462	7/18/12	6.68	7.04	6.52	6.76	1472700	5.59	2425	凯撒股份	SZ463	7/17/12	6.9	6.9	6.53	6.67	1406800	5.52	2425	凯撒股份	SZ464	7/16/12	7.06	7.07	6.79	6.91	2585600	5.72	2425	凯撒股份	SZ465	7/13/12	7.17	7.28	6.97	7.02	2891800	5.81	2425	凯撒股份	SZ466	7/12/12	7	7.28	6.93	7.19	2995600	5.95	2425	凯撒股份	SZ467	7/11/12	6.96	7.07	6.92	7.01	864900	5.8	2425	凯撒股份	SZ468	7/10/12	7.12	7.22	6.91	6.98	2138000	5.78	2425	凯撒股份	SZ469	7/9/12	7.24	7.28	6.99	7.14	2866600	5.91	2425	凯撒股份	SZ470	7/6/12	6.82	7.48	6.81	7.25	4845800	6	2425	凯撒股份	SZ471	7/5/12	6.79	6.91	6.72	6.82	1505300	5.64	2425	凯撒股份	SZ472	7/4/12	6.8	6.88	6.75	6.88	1258300	5.69	2425	凯撒股份	SZ473	7/3/12	6.57	6.99	6.54	6.82	2484800	5.64	2425	凯撒股份	SZ474	7/2/12	6.54	6.67	6.52	6.61	1015700	5.47	2425	凯撒股份	SZ475	6/29/12	6.52	6.57	6.37	6.52	564100	5.39	2425	凯撒股份	SZ476	6/28/12	6.53	6.62	6.43	6.43	876500	5.33	2425	凯撒股份	SZ477	6/27/12	6.62	6.64	6.5	6.53	597900	5.41	2425	凯撒股份	SZ478	6/26/12	6.48	6.65	6.4	6.62	1022100	5.48	2425	凯撒股份	SZ479	6/25/12	6.76	6.76	6.55	6.55	971600	5.42	2425	凯撒股份	SZ480	6/22/12	6.77	6.77	6.77	6.77	0	5.6	2425	凯撒股份	SZ481	6/21/12	6.92	6.97	6.74	6.77	1066100	5.6	2425	凯撒股份	SZ482	6/20/12	6.96	7.02	6.92	6.93	731500	5.74	2425	凯撒股份	SZ483	6/19/12	7.04	7.04	6.94	6.95	830300	5.75	2425	凯撒股份	SZ484	6/18/12	7.06	7.08	6.98	7	1308500	5.79	2425	凯撒股份	SZ485	6/15/12	7.03	7.04	6.9	6.99	1397100	5.79	2425	凯撒股份	SZ486	6/14/12	6.92	7.1	6.89	6.97	1487600	5.77	2425	凯撒股份	SZ487	6/13/12	6.8	6.98	6.79	6.95	1160600	5.75	2425	凯撒股份	SZ488	6/12/12	6.78	6.84	6.78	6.8	452700	5.63	2425	凯撒股份	SZ489	6/11/12	6.72	6.86	6.69	6.84	721200	5.66	2425	凯撒股份	SZ490	6/8/12	6.79	6.83	6.72	6.72	562100	5.56	2425	凯撒股份	SZ491	6/7/12	6.82	6.92	6.72	6.74	684900	5.58	2425	凯撒股份	SZ492	6/6/12	6.83	6.83	6.73	6.77	510600	5.6	2425	凯撒股份	SZ493	6/5/12	6.72	6.86	6.72	6.79	608500	5.62	2425	凯撒股份	SZ494	6/4/12	6.99	7.03	6.79	6.79	1444000	5.62	2425	凯撒股份	SZ495	6/1/12	7.08	7.16	7.05	7.15	1165500	5.92	2425	凯撒股份	SZ496	5/31/12	7.01	7.18	6.98	7.08	1395400	5.86	2425	凯撒股份	SZ497	5/30/12	7.16	7.16	7.06	7.08	1073300	5.83	2425	凯撒股份	SZ498	5/29/12	6.95	7.13	6.93	7.1	1910400	5.84	2425	凯撒股份	SZ499	5/28/12	6.83	7.06	6.68	6.98	1893600	5.74	2425	凯撒股份	SZ500	5/25/12	7.07	7.18	6.87	6.89	1466300	5.67	2425	凯撒股份	SZ501	5/24/12	7.13	7.21	7.07	7.08	1839900	5.83	2425	凯撒股份	SZ502	5/23/12	7.19	7.59	7.17	7.25	3450400	5.96	2425	凯撒股份	SZ503	5/22/12	7.06	7.06	7.06	7.06	0	5.81	2425	凯撒股份	SZ504	5/21/12	7.04	7.13	7.03	7.06	1011600	5.81	2425	凯撒股份	SZ505	5/18/12	7.23	7.25	7.02	7.07	2025800	5.81	2425	凯撒股份	SZ506	5/17/12	7.18	7.37	7.18	7.28	2297400	5.98	2425	凯撒股份	SZ507	5/16/12	7.26	7.32	7.14	7.18	1268300	5.91	2425	凯撒股份	SZ508	5/15/12	7.45	7.45	7.17	7.31	2219600	6.01	2425	凯撒股份	SZ509	5/14/12	7.61	7.67	7.5	7.51	2021300	6.18	2425	凯撒股份	SZ510	5/11/12	7.57	7.63	7.5	7.51	1820600	6.18	2425	凯撒股份	SZ511	5/10/12	7.54	7.62	7.49	7.58	2095800	6.24	2425	凯撒股份	SZ512	5/9/12	7.73	7.73	7.54	7.55	2407700	6.21	2425	凯撒股份	SZ513	5/8/12	7.81	7.94	7.68	7.79	3467100	6.41	2425	凯撒股份	SZ514	5/7/12	7.68	7.82	7.65	7.8	3068600	6.42	2425	凯撒股份	SZ515	5/4/12	7.88	7.88	7.65	7.75	6604300	6.37	2425	凯撒股份	SZ516	5/3/12	7.22	7.96	7.18	7.96	8373800	6.55	2425	凯撒股份	SZ517	5/2/12	7.1	7.27	7.1	7.23	1635200	5.95	2425	凯撒股份	SZ518	5/1/12	7.06	7.06	7.06	7.06	0	5.81	2425	凯撒股份	SZ519	4/30/12	7.06	7.06	7.06	7.06	0	5.81	2425	凯撒股份	SZ520	4/27/12	7.07	7.12	6.99	7.06	932700	5.81	2425	凯撒股份	SZ521	4/26/12	7.12	7.18	7.01	7.09	1090300	5.83	2425	凯撒股份	SZ522	4/25/12	6.94	7.18	6.84	7.14	1786000	5.87	2425	凯撒股份	SZ523	4/24/12	7.15	7.24	6.83	7.01	2470000	5.76	2425	凯撒股份	SZ524	4/23/12	7.56	7.56	7.2	7.25	2348800	5.96	2425	凯撒股份	SZ525	4/20/12	7.49	7.57	7.42	7.53	2586900	6.2	2425	凯撒股份	SZ526	4/19/12	7.5	7.5	7.5	7.5	0	6.17	2425	凯撒股份	SZ527	4/18/12	7.44	7.53	7.33	7.5	2755300	6.17	2425	凯撒股份	SZ528	4/17/12	7.49	7.55	7.38	7.38	1234600	6.07	2425	凯撒股份	SZ529	4/16/12	7.6	7.6	7.46	7.49	1346300	6.16	2425	凯撒股份	SZ530	4/13/12	7.49	7.72	7.47	7.6	1982300	6.25	2425	凯撒股份	SZ531	4/12/12	7.41	7.47	7.32	7.47	1918700	6.14	2425	凯撒股份	SZ532	4/11/12	7.17	7.46	7.15	7.38	1170900	6.07	2425	凯撒股份	SZ533	4/10/12	7.18	7.28	6.99	7.28	1073600	5.99	2425	凯撒股份	SZ534	4/9/12	7.2	7.31	7.13	7.2	991700	5.92	2425	凯撒股份	SZ535	4/6/12	7.18	7.32	7.14	7.21	1278900	5.93	2425	凯撒股份	SZ536	4/5/12	7.05	7.19	7.03	7.18	1066000	5.9	2425	凯撒股份	SZ537	4/4/12	7.01	7.01	7.01	7.01	0	5.76	2425	凯撒股份	SZ538	4/3/12	7.01	7.01	7.01	7.01	0	5.76	2425	凯撒股份	SZ539	4/2/12	7.01	7.01	7.01	7.01	0	5.76	2425	凯撒股份	SZ540	3/30/12	7	7.08	6.95	7.01	913400	5.76	2425	凯撒股份	SZ541	3/29/12	7.1	7.18	6.93	6.97	1307800	5.74	2425	凯撒股份	SZ542	3/28/12	7.46	7.53	7.17	7.18	1696900	5.91	2425	凯撒股份	SZ543	3/27/12	7.69	7.69	7.47	7.53	1470800	6.19	2425	凯撒股份	SZ544	3/26/12	7.73	7.81	7.56	7.62	1076200	6.27	2425	凯撒股份	SZ545	3/23/12	7.9	7.9	7.75	7.77	1300300	6.39	2425	凯撒股份	SZ546	3/22/12	7.89	7.99	7.86	7.9	1265300	6.5	2425	凯撒股份	SZ547	3/21/12	7.88	8	7.82	7.93	1474200	6.53	2425	凯撒股份	SZ548	3/20/12	8.17	8.17	7.88	7.89	2007300	6.49	2425	凯撒股份	SZ549	3/19/12	8.12	8.19	7.97	8.17	1962600	6.72	2425	凯撒股份	SZ550	3/16/12	7.98	8.12	7.92	8.11	2419800	6.67	2425	凯撒股份	SZ551	3/15/12	8.3	8.41	7.75	8.01	3766200	6.59	2425	凯撒股份	SZ552	3/14/12	9.1	9.14	8.34	8.41	5021200	6.92	2425	凯撒股份	SZ553	3/13/12	9.13	9.14	9	9.09	2458600	7.48	2425	凯撒股份	SZ554	3/12/12	9.04	9.15	8.98	9.11	3292400	7.49	2425	凯撒股份	SZ555	3/9/12	8.97	9.05	8.93	9.04	3148700	7.44	2425	凯撒股份	SZ556	3/8/12	8.97	9.07	8.86	8.96	4046700	7.37	2425	凯撒股份	SZ557	3/7/12	9.08	9.23	8.84	8.98	7255900	7.38	2425	凯撒股份	SZ558	3/6/12	8.92	9.22	8.73	9.15	9554600	7.53	2425	凯撒股份	SZ559	3/5/12	9.25	9.25	8.97	8.99	4902600	7.4	2425	凯撒股份	SZ560	3/2/12	8.93	9.25	8.87	9.24	7285900	7.6	2425	凯撒股份	SZ561	3/1/12	8.83	9.04	8.72	8.93	4056300	7.34	2425	凯撒股份	SZ562	2/29/12	8.93	9	8.76	8.88	3551700	7.3	2425	凯撒股份	SZ563	2/28/12	9.17	9.17	8.78	8.87	7973300	7.29	2425	凯撒股份	SZ564	2/27/12	9.49	9.86	9.1	9.18	15102300	7.55	2425	凯撒股份	SZ565	2/24/12	9.61	9.73	9.4	9.48	13151500	7.79	2425	凯撒股份	SZ566	2/23/12	9.62	9.88	9.21	9.57	10480100	7.88	2425	凯撒股份	SZ567	2/22/12	9.21	9.43	8.88	9.41	9320800	7.74	2425	凯撒股份	SZ568	2/21/12	8.47	9.1	8.45	9.06	8923600	7.45	2425	凯撒股份	SZ569	2/20/12	8.45	8.56	8.31	8.55	5042200	7.03	2425	凯撒股份	SZ570	2/17/12	8.51	8.53	8.18	8.45	6315200	6.95	2425	凯撒股份	SZ571	2/16/12	8.22	8.55	8.09	8.49	5367000	6.98	2425	凯撒股份	SZ572	2/15/12	7.9	8.55	7.82	8.23	6829800	6.77	2425	凯撒股份	SZ573	2/14/12	7.85	8.04	7.79	7.92	2255200	6.51	2425	凯撒股份	SZ574	2/13/12	7.69	7.89	7.67	7.86	1752900	6.46	2425	凯撒股份	SZ575	2/10/12	7.57	7.78	7.5	7.73	2077700	6.36	2425	凯撒股份	SZ576	2/9/12	7.43	7.68	7.37	7.6	2604800	6.25	2425	凯撒股份	SZ577	2/8/12	7.12	7.45	7.12	7.45	1902600	6.13	2425	凯撒股份	SZ578	2/7/12	7.26	7.39	7.1	7.17	1534800	5.9	2425	凯撒股份	SZ579	2/6/12	7.42	7.57	7.25	7.3	2726200	6	2425	凯撒股份	SZ580	2/3/12	7.04	7.38	6.99	7.31	2691600	6.01	2425	凯撒股份	SZ581	2/2/12	6.9	7.04	6.9	7.04	687900	5.79	2425	凯撒股份	SZ582	2/1/12	6.8	7.12	6.8	6.9	1221800	5.68	2425	凯撒股份	SZ583	1/31/12	6.92	6.96	6.82	6.9	667700	5.68	2425	凯撒股份	SZ584	1/30/12	7.01	7.15	6.92	6.96	773600	5.72	2425	凯撒股份	SZ585	1/27/12	7.01	7.01	7.01	7.01	0	5.76	2425	凯撒股份	SZ586	1/26/12	7.01	7.01	7.01	7.01	0	5.76	2425	凯撒股份	SZ587	1/25/12	7.01	7.01	7.01	7.01	0	5.76	2425	凯撒股份	SZ588	1/24/12	7.01	7.01	7.01	7.01	0	5.76	2425	凯撒股份	SZ589	1/23/12	7.01	7.01	7.01	7.01	0	5.76	2425	凯撒股份	SZ590	1/20/12	6.88	7.02	6.86	7.01	776400	5.76	2425	凯撒股份	SZ591	1/19/12	6.71	6.97	6.71	6.87	885000	5.65	2425	凯撒股份	SZ592	1/18/12	6.93	7.28	6.68	6.75	1817700	5.55	2425	凯撒股份	SZ593	1/17/12	6.5	6.93	6.42	6.92	1591000	5.69	2425	凯撒股份	SZ594	1/16/12	6.59	6.78	6.5	6.51	1024900	5.35	2425	凯撒股份	SZ595	1/13/12	7.1	7.18	6.75	6.78	2033000	5.57	2425	凯撒股份	SZ596	1/12/12	7.1	7.24	7.07	7.13	1851800	5.87	2425	凯撒股份	SZ597	1/11/12	6.97	7.42	6.91	7.15	4956800	5.88	2425	凯撒股份	SZ598	1/10/12	6.65	7.06	6.61	6.99	2273300	5.75	2425	凯撒股份	SZ599	1/9/12	6.34	6.68	6.32	6.68	1494600	5.5	2425	凯撒股份	SZ600	1/6/12	6.17	6.36	6.12	6.31	992600	5.19	2425	凯撒股份	SZ601	1/5/12	6.41	6.47	6.18	6.19	1352600	5.09	2425	凯撒股份	SZ602	1/4/12	6.85	6.85	6.51	6.51	1063200	5.35	2425	凯撒股份	SZ603	1/3/12	6.68	6.82	6.67	6.75	1122200	5.55	2425	凯撒股份	SZ604	1/2/12	6.68	6.82	6.67	6.75	1122200	5.55	2425	凯撒股份	SZ605	12/30/11	6.68	6.82	6.67	6.75	1122200	5.55	2425	凯撒股份	SZ606	12/29/11	6.57	6.75	6.52	6.68	1374900	5.5	2425	凯撒股份	SZ607	12/28/11	6.79	6.8	6.45	6.62	2283600	5.45	2425	凯撒股份	SZ608	12/27/11	7.04	7.14	6.82	6.82	1013800	5.61	2425	凯撒股份	SZ609	12/26/11	7.22	7.4	7.14	7.17	766900	5.9	2425	凯撒股份	SZ610	12/23/11	7.14	7.43	7.14	7.32	1051200	6.02	2425	凯撒股份	SZ611	12/22/11	7.38	7.38	6.93	7.28	1749200	5.99	2425	凯撒股份	SZ612	12/21/11	7.68	7.76	7.45	7.45	1422600	6.13	2425	凯撒股份	SZ613	12/20/11	7.57	7.75	7.52	7.61	1339700	6.26	2425	凯撒股份	SZ614	12/19/11	7.67	7.67	7.34	7.58	1319800	6.24	2425	凯撒股份	SZ615	12/16/11	7.53	7.73	7.43	7.73	1397600	6.36	2425	凯撒股份	SZ616	12/15/11	7.99	7.99	7.54	7.54	1756400	6.2	2425	凯撒股份	SZ617	12/14/11	8.33	8.37	8.04	8.1	1083700	6.66	2425	凯撒股份	SZ618	12/13/11	8.83	8.83	8.38	8.38	1129100	6.9	2425	凯撒股份	SZ619	12/12/11	9.04	9.11	8.86	8.88	626300	7.31	2425	凯撒股份	SZ620	12/9/11	9.15	9.18	9.01	9.04	703200	7.44	2425	凯撒股份	SZ621	12/8/11	9.23	9.33	9.01	9.18	755400	7.55	2425	凯撒股份	SZ622	12/7/11	9.15	9.41	9.11	9.19	720900	7.56	2425	凯撒股份	SZ623	12/6/11	9.03	9.21	9	9.16	1165700	7.53	2425	凯撒股份	SZ624	12/5/11	9.43	9.43	9.02	9.17	903600	7.54	2425	凯撒股份	SZ625	12/2/11	9.45	9.63	9.26	9.42	1255900	7.75	2425	凯撒股份	SZ626	12/1/11	9.83	9.84	9.56	9.58	1715600	7.88	2425	凯撒股份	SZ627	11/30/11	10	10.02	9.35	9.42	1968300	7.75	2425	凯撒股份	SZ628	11/29/11	9.84	10.08	9.82	10.05	1600200	8.27	2425	凯撒股份	SZ629	11/28/11	9.75	9.88	9.72	9.85	870900	8.1	2425	凯撒股份	SZ630	11/25/11	9.77	9.92	9.68	9.79	1154000	8.05	2425	凯撒股份	SZ631	11/24/11	9.88	9.9	9.61	9.79	2217200	8.05	2425	凯撒股份	SZ632	11/23/11	10.37	10.4	9.98	10.1	1339300	8.31	2425	凯撒股份	SZ633	11/22/11	10.1	10.36	10.02	10.34	1815400	8.51	2425	凯撒股份	SZ634	11/21/11	10.3	10.3	9.97	10.18	1298800	8.37	2425	凯撒股份	SZ635	11/18/11	10.51	10.51	9.93	10.04	2701100	8.26	2425	凯撒股份	SZ636	11/17/11	10.68	10.79	10.42	10.54	2903600	8.67	2425	凯撒股份	SZ637	11/16/11	11.13	11.45	10.62	10.68	6966300	8.79	2425	凯撒股份	SZ638	11/15/11	10.75	11.02	10.65	11	4730900	9.05	2425	凯撒股份	SZ639	11/14/11	10.58	10.82	10.5	10.79	4624600	8.88	2425	凯撒股份	SZ640	11/11/11	10.33	10.6	10.3	10.43	3053300	8.58	2425	凯撒股份	SZ641	11/10/11	10.38	10.48	10.23	10.29	2925700	8.47	2425	凯撒股份	SZ642	11/9/11	10.34	10.55	10.23	10.54	3102800	8.67	2425	凯撒股份	SZ643	11/8/11	10.58	10.62	10.23	10.29	3059700	8.47	2425	凯撒股份	SZ644	11/7/11	10.67	10.68	10.48	10.61	3037600	8.73	2425	凯撒股份	SZ645	11/4/11	10.61	10.82	10.47	10.63	3773200	8.75	2425	凯撒股份	SZ646	11/3/11	10.42	10.91	10.41	10.61	6916300	8.73	2425	凯撒股份	SZ647	11/2/11	10.12	10.5	9.92	10.46	4127500	8.6	2425	凯撒股份	SZ648	11/1/11	10.18	10.34	10.11	10.28	3374000	8.46	2425	凯撒股份	SZ649	10/31/11	10.29	10.4	10.18	10.25	2831900	8.43	2425	凯撒股份	SZ650	10/28/11	10.29	10.39	10.1	10.35	4240100	8.51	2425	凯撒股份	SZ651	10/27/11	9.93	10.19	9.93	10.19	3244400	8.38	2425	凯撒股份	SZ652	10/26/11	9.94	10.11	9.92	9.98	2310500	8.21	2425	凯撒股份	SZ653	10/25/11	9.79	10.12	9.73	10.02	2035800	8.24	2425	凯撒股份	SZ654	10/24/11	9.55	9.85	9.43	9.79	1323200	8.05	2425	凯撒股份	SZ655	10/21/11	9.48	9.73	9.46	9.54	863200	7.85	2425	凯撒股份	SZ656	10/20/11	10.07	10.07	9.55	9.62	1578900	7.92	2425	凯撒股份	SZ657	10/19/11	10.01	10.31	10	10.07	1439300	8.29	2425	凯撒股份	SZ658	10/18/11	10.49	10.49	10.01	10.01	2220500	8.23	2425	凯撒股份	SZ659	10/17/11	10.54	10.68	10.4	10.61	3269600	8.73	2425	凯撒股份	SZ660	10/14/11	10.07	10.82	10.02	10.59	5639300	8.71	2425	凯撒股份	SZ661	10/13/11	9.95	10.17	9.86	10.04	2272000	8.26	2425	凯撒股份	SZ662	10/12/11	9.46	9.99	9.43	9.96	1464000	8.19	2425	凯撒股份	SZ663	10/11/11	9.82	10.02	9.5	9.62	1059300	7.91	2425	凯撒股份	SZ664	10/10/11	9.73	9.73	9.55	9.6	661400	7.9	2425	凯撒股份	SZ665	9/30/11	9.67	9.78	9.54	9.65	928700	7.94	2425	凯撒股份	SZ666	9/29/11	10.14	10.14	9.64	9.67	1432400	7.95	2425	凯撒股份	SZ667	9/28/11	10.25	10.32	10.09	10.18	949700	8.37	2425	凯撒股份	SZ668	9/27/11	10.17	10.33	10.12	10.23	940200	8.41	2425	凯撒股份	SZ669	9/26/11	10.32	10.48	10.08	10.12	1935600	8.32	2425	凯撒股份	SZ670	9/23/11	10.38	10.59	10.01	10.49	1846900	8.63	2425	凯撒股份	SZ671	9/22/11	10.88	11.03	10.57	10.62	2098400	8.73	2425	凯撒股份	SZ672	9/21/11	10.7	11.15	10.56	11.07	2052500	9.11	2425	凯撒股份	SZ673	9/20/11	10.62	10.78	10.54	10.73	914000	8.82	2425	凯撒股份	SZ674	9/19/11	10.67	10.74	10.51	10.69	984200	8.79	2425	凯撒股份	SZ675	9/16/11	10.93	11.02	10.72	10.77	1468400	8.86	2425	凯撒股份	SZ676	9/15/11	10.88	11.04	10.77	10.93	1788900	8.99	2425	凯撒股份	SZ677	9/14/11	10.8	10.83	10.49	10.82	1490900	8.9	2425	凯撒股份	SZ678	9/13/11	10.82	10.96	10.38	10.88	2402300	8.95	2425	凯撒股份	SZ679	9/9/11	11.08	11.28	10.8	11.07	2607300	9.11	2425	凯撒股份	SZ680	9/8/11	11.57	11.57	11.19	11.19	1074700	9.21	2425	凯撒股份	SZ681	9/7/11	11.26	11.47	11.17	11.45	1790500	9.42	2425	凯撒股份	SZ682	9/6/11	11.17	11.38	11.08	11.23	1207100	9.23	2425	凯撒股份	SZ683	9/5/11	11.42	11.6	11.08	11.29	1623800	9.29	2425	凯撒股份	SZ684	9/2/11	11.58	11.73	11.33	11.57	2058100	9.51	2425	凯撒股份	SZ685	9/1/11	11.83	12.06	11.73	11.76	1407400	9.67	2425	凯撒股份	SZ686	8/31/11	11.96	12.04	11.71	11.82	1996800	9.72	2425	凯撒股份	SZ687	8/30/11	12.27	12.38	11.92	11.98	1474900	9.85	2425	凯撒股份	SZ688	8/29/11	12.27	12.37	12.17	12.18	1220700	10.01	2425	凯撒股份	SZ689	8/26/11	12.39	12.47	12.25	12.39	1465300	10.19	2425	凯撒股份	SZ690	8/25/11	12.18	12.42	12.08	12.41	1769900	10.21	2425	凯撒股份	SZ691	8/24/11	12.12	12.46	12.08	12.15	1763200	9.99	2425	凯撒股份	SZ692	8/23/11	11.99	12.09	11.92	12.08	1368100	9.94	2425	凯撒股份	SZ693	8/22/11	11.95	12.23	11.68	12	1281500	9.87	2425	凯撒股份	SZ694	8/19/11	11.79	12.13	11.73	12.02	1248400	9.89	2425	凯撒股份	SZ695	8/18/11	12.83	12.88	12.29	12.3	2270100	10.12	2425	凯撒股份	SZ696	8/17/11	12.99	13.24	12.9	12.95	1505800	10.65	2425	凯撒股份	SZ697	8/16/11	13	13.23	12.76	12.99	1869600	10.69	2425	凯撒股份	SZ698	8/15/11	12.62	12.99	12.42	12.86	2009600	10.58	2425	凯撒股份	SZ699	8/12/11	12.7	12.82	12.5	12.58	2439700	10.35	2425	凯撒股份	SZ700	8/11/11	12.07	12.75	11.94	12.57	1956600	10.34	2425	凯撒股份	SZ701	8/10/11	12.62	13.08	12.51	12.54	1184300	10.32	2425	凯撒股份	SZ702	8/9/11	12	12.51	11.68	12.51	1979100	10.29	2425	凯撒股份	SZ703	8/8/11	13.25	13.42	12.33	12.59	2508700	10.36	2425	凯撒股份	SZ704	8/5/11	13.86	13.86	13.38	13.58	1881700	11.17	2425	凯撒股份	SZ705	8/4/11	13.92	14.32	13.9	14.2	1610000	11.68	2425	凯撒股份	SZ706	8/3/11	13.81	14.11	13.66	13.9	1114400	11.43	2425	凯撒股份	SZ707	8/2/11	14.46	14.47	13.86	14.05	1930500	11.56	2425	凯撒股份	SZ708	8/1/11	14.18	14.68	14.17	14.47	1596700	11.9	2425	凯撒股份	SZ709	7/29/11	14.49	14.64	14.21	14.27	1544500	11.74	2425	凯撒股份	SZ710	7/28/11	14.66	14.66	14.27	14.42	2138000	11.86	2425	凯撒股份	SZ711	7/27/11	15.03	15.08	14.17	14.82	2916200	12.19	2425	凯撒股份	SZ712	7/26/11	14.62	15.32	14.01	15.05	2886100	12.38	2425	凯撒股份	SZ713	7/25/11	16.25	16.25	14.67	14.72	4394000	12.11	2425	凯撒股份	SZ714	7/22/11	16.22	16.4	16	16.25	2572500	13.37	2425	凯撒股份	SZ715	7/21/11	16.92	16.92	16.08	16.21	6293900	13.33	2425	凯撒股份	SZ716	7/20/11	17.65	17.83	16.7	17	12119600	13.98	2425	凯撒股份	SZ717	7/19/11	16.76	18.33	16.65	17.93	11659400	14.75	2425	凯撒股份	SZ718	7/18/11	16.79	16.99	16.67	16.76	1266900	13.78	2425	凯撒股份	SZ719	7/15/11	16.74	16.81	16.58	16.79	712600	13.81	2425	凯撒股份	SZ720	7/14/11	16.73	16.82	16.49	16.73	829700	13.76	2425	凯撒股份	SZ721	7/13/11	16.65	16.88	16.6	16.74	900000	13.77	2425	凯撒股份	SZ722	7/12/11	16.87	16.87	16.63	16.66	603600	13.7	2425	凯撒股份	SZ723	7/11/11	16.83	16.9	16.65	16.88	864800	13.88	2425	凯撒股份	SZ724	7/8/11	17.37	17.38	16.83	16.92	893500	13.92	2425	凯撒股份	SZ725	7/7/11	17.17	17.5	17.08	17.42	1790500	14.33	2425	凯撒股份	SZ726	7/6/11	17	17.17	16.83	17.15	793100	14.11	2425	凯撒股份	SZ727	7/5/11	17.32	17.37	16.67	17.12	864700	14.09	2425	凯撒股份	SZ728	7/4/11	17.02	17.27	16.94	17.15	1109300	14.11	2425	凯撒股份	SZ729	7/1/11	16.94	17.12	16.83	16.94	531700	13.94	2425	凯撒股份	SZ730	6/30/11	16.67	16.96	16.67	16.9	855300	13.9	2425	凯撒股份	SZ731	6/29/11	16.9	16.92	16.67	16.86	418200	13.87	2425	凯撒股份	SZ732	6/28/11	17.16	17.16	16.8	16.9	568200	13.9	2425	凯撒股份	SZ733	6/27/11	16.92	17.28	16.88	17.08	875000	14.05	2425	凯撒股份	SZ734	6/24/11	18.27	18.27	16.88	17.14	2237500	14.1	2425	凯撒股份	SZ735	6/23/11	16.67	17.07	16.67	17.07	388200	14.04	2425	凯撒股份	SZ736	6/22/11	16.56	17.03	16.56	16.72	200100	13.75	2425	凯撒股份	SZ737	6/21/11	16.67	16.75	16.5	16.56	316700	13.62	2425	凯撒股份	SZ738	6/20/11	16.26	16.67	16.26	16.64	232200	13.69	2425	凯撒股份	SZ739	6/17/11	16.58	16.83	16.42	16.65	390700	13.7	2425	凯撒股份	SZ740	6/16/11	16.67	16.84	16.62	16.62	284000	13.68	2425	凯撒股份	SZ741	6/15/11	16.92	17.19	16.58	16.88	1016400	13.89	2425	凯撒股份	SZ742	6/14/11	16.98	17.42	16.98	17.2	319400	14.15	2425	凯撒股份	SZ743	6/13/11	17.12	17.12	16.68	16.98	258800	13.97	2425	凯撒股份	SZ744	6/10/11	17.21	17.4	16.67	17.09	562300	14.06	2425	凯撒股份	SZ745	6/9/11	17.47	17.51	17.25	17.25	486000	14.19	2425	凯撒股份	SZ746	6/8/11	17.5	17.61	17.23	17.47	870500	14.37	2425	凯撒股份	SZ747	6/7/11	16.98	17.65	16.67	17.5	1179200	14.39	2425	凯撒股份	SZ748	6/3/11	16.83	16.92	16.58	16.92	367300	13.92	2425	凯撒股份	SZ749	6/2/11	16.79	16.99	16.59	16.84	531300	13.85	2425	凯撒股份	SZ750	6/1/11	17.08	17.08	16.92	17.07	279300	14.04	2425	凯撒股份	SZ751	5/31/11	16.78	16.99	16.61	16.99	392900	13.98	2425	凯撒股份	SZ752	5/30/11	16.68	16.99	16.26	16.78	400600	13.81	2425	凯撒股份	SZ753	5/27/11	17.16	17.16	16.43	16.91	454800	13.91	2425	凯撒股份	SZ754	5/26/11	16.96	17.5	16.93	17.12	401400	14.09	2425	凯撒股份	SZ755	5/25/11	17.29	17.63	16.98	17.31	622300	14.24	2425	凯撒股份	SZ756	5/24/11	17.17	17.37	16.41	17.32	585200	14.24	2425	凯撒股份	SZ757	5/23/11	17.74	17.92	17.18	17.25	1025400	14.19	2425	凯撒股份	SZ758	5/20/11	17.48	17.92	17.25	17.77	1225600	14.61	2425	凯撒股份	SZ759	5/19/11	17.15	17.65	17.12	17.5	1403600	14.39	2425	凯撒股份	SZ760	5/18/11	16.74	17.12	16.67	17.12	477100	14.09	2425	凯撒股份	SZ761	5/17/11	16.99	17.02	16.71	16.96	459500	13.95	2425	凯撒股份	SZ762	5/16/11	17.37	17.43	16.92	17.04	459600	14.02	2425	凯撒股份	SZ763	5/13/11	17	17.49	16.83	17.25	704300	14.19	2425	凯撒股份	SZ764	5/12/11	17.39	17.48	17.08	17.09	729500	14.06	2425	凯撒股份	SZ765	5/11/11	17.25	17.67	16.67	17.4	1559400	14.31	2425	凯撒股份	SZ766	5/10/11	16.02	17.51	16.02	17.42	3286600	14.33	2425	凯撒股份	SZ767	5/9/11	16.14	16.15	15.78	15.92	128800	13.09	2425	凯撒股份	SZ768	5/6/11	15.83	15.95	15.76	15.92	243100	13.09	2425	凯撒股份	SZ769	5/5/11	15.46	16.12	15.44	15.96	204200	13.13	2425	凯撒股份	SZ770	5/4/11	16.32	16.32	15.42	15.9	448900	13.08	2425	凯撒股份	SZ771	5/3/11	16.29	16.33	16	16.32	368100	13.42	2425	凯撒股份	SZ772	4/29/11	16.08	16.67	16.08	16.25	597300	13.37	2425	凯撒股份	SZ773	4/28/11	17.31	17.31	16.08	16.08	941000	13.22	2425	凯撒股份	SZ774	4/26/11	17.49	17.49	16.92	17.31	587100	14.24	2425	凯撒股份	SZ775	4/25/11	17.83	17.83	17.23	17.49	774000	14.39	2425	凯撒股份	SZ776	4/22/11	17.4	17.98	17.18	17.79	2192500	14.63	2425	凯撒股份	SZ777	4/21/11	16.79	17.62	16.79	17.4	1288300	14.31	2425	凯撒股份	SZ778	4/20/11	16.9	16.94	16.73	16.75	524700	13.78	2425	凯撒股份	SZ779	4/19/11	17.18	17.18	16.63	16.9	761600	13.9	2425	凯撒股份	SZ780	4/18/11	17.21	17.21	16.91	17.1	386800	14.07	2425	凯撒股份	SZ781	4/15/11	17.52	17.65	16.92	17.15	554300	14.11	2425	凯撒股份	SZ782	4/14/11	16.92	17.52	16.8	17.52	1381500	14.41	2425	凯撒股份	SZ783	4/13/11	16.59	17.19	16.59	16.86	673000	13.87	2425	凯撒股份	SZ784	4/12/11	16.77	16.94	16.5	16.88	526400	13.89	2425	凯撒股份	SZ785	4/11/11	17.77	17.83	15.81	16.96	1517700	13.95	2425	凯撒股份	SZ786	4/8/11	16.87	17.67	16.67	17.57	1384800	14.45	2425	凯撒股份	SZ787	4/7/11	17.12	17.33	16.65	16.87	1195500	13.87	2425	凯撒股份	SZ788	4/6/11	17.21	17.49	17.01	17.27	526900	14.21	2425	凯撒股份	SZ789	4/1/11	17.2	17.33	16.57	17.27	943800	14.2	2425	凯撒股份	SZ790	3/31/11	17.66	17.66	16.87	17.05	703400	6.96	2425	凯撒股份	SZ791	3/30/11	17.49	17.65	17.38	17.5	854400	7.14	2425	凯撒股份	SZ792	3/29/11	17.23	17.58	17.22	17.49	691900	7.14	2425	凯撒股份	SZ793	3/28/11	17.62	17.62	17.21	17.39	734800	7.09	2425	凯撒股份	SZ794	3/25/11	17.95	17.95	17.5	17.62	688900	7.19	2425	凯撒股份	SZ795	3/24/11	18.12	18.12	17.79	17.95	839400	7.32	2425	凯撒股份	SZ796	3/23/11	17.92	18.01	17.83	17.9	679100	7.31	2425	凯撒股份	SZ797	3/22/11	17.33	18.04	17.23	17.91	1412200	7.31	2425	凯撒股份	SZ798	3/18/11	17.46	17.48	17.24	17.3	283600	7.06	2425	凯撒股份	SZ799	3/17/11	17.58	17.58	17.17	17.4	727300	7.1	2425	凯撒股份	SZ800	3/16/11	17.5	17.81	17.42	17.5	500800	7.14	2425	凯撒股份	SZ801	3/15/11	17.58	17.8	17.38	17.48	847100	7.13	2425	凯撒股份	SZ802	3/14/11	17.72	17.79	17.54	17.67	1134000	7.21	2425	凯撒股份	SZ803	3/11/11	17.54	17.9	17.54	17.73	770100	7.23	2425	凯撒股份	SZ804	3/10/11	17.75	17.96	17.63	17.68	1220300	7.21	2425	凯撒股份	SZ805	3/9/11	17.75	17.83	17.5	17.75	653500	7.24	2425	凯撒股份	SZ806	3/8/11	17.68	17.83	17.54	17.83	770600	7.28	2425	凯撒股份	SZ807	3/7/11	17.78	18	17.65	17.87	606400	7.29	2425	凯撒股份	SZ808	3/4/11	17.6	18.12	17.5	17.87	1366200	7.29	2425	凯撒股份	SZ809	3/3/11	17.83	17.83	17.29	17.71	990300	7.23	2425	凯撒股份	SZ810	3/2/11	17.53	17.83	17.3	17.61	988000	7.18	2425	凯撒股份	SZ811	3/1/11	17.67	17.74	17.3	17.58	1522000	7.17	2425	凯撒股份	SZ812	2/28/11	18.42	18.53	17.35	17.67	3159300	7.21	2425	凯撒股份	SZ813	2/25/11	18.5	18.5	18.26	18.42	2192600	7.52	2425	凯撒股份	SZ814	2/24/11	18.33	18.41	18.1	18.33	1284600	7.48	2425	凯撒股份	SZ815	2/23/11	18.21	18.33	17.95	18.23	944900	7.44	2425	凯撒股份	SZ816	2/22/11	17.79	18.42	17.79	18.21	2746700	7.43	2425	凯撒股份	SZ817	2/21/11	17.08	17.85	17.08	17.75	2427700	7.24	2425	凯撒股份	SZ818	2/18/11	17.19	17.5	17.03	17.2	1255500	7.02	2425	凯撒股份	SZ819	2/17/11	16.92	17.29	16.68	17.12	1933800	6.98	2425	凯撒股份	SZ820	2/16/11	17.12	17.12	16.67	16.92	1092300	6.9	2425	凯撒股份	SZ821	2/15/11	16.75	17.25	16.6	17.12	1288900	6.98	2425	凯撒股份	SZ822	2/14/11	16.43	16.88	16.43	16.75	1007000	6.84	2425	凯撒股份	SZ823	2/11/11	16.32	16.79	16.32	16.42	1286800	6.7	2425	凯撒股份	SZ824	2/10/11	16.51	16.79	16.3	16.33	633900	6.66	2425	凯撒股份	SZ825	2/9/11	16.29	16.62	16.27	16.51	344200	6.74	2425	凯撒股份	SZ826	2/1/11	15.7	16.58	15.7	16.51	1146300	6.74	2425	凯撒股份	SZ827	1/31/11	15.17	15.92	15.17	15.91	971900	6.49	2425	凯撒股份	SZ828	1/28/11	14.98	15.12	14.71	15.12	348700	6.17	2425	凯撒股份	SZ829	1/27/11	14.81	15.19	14.81	14.98	901100	6.11	2425	凯撒股份	SZ830	1/26/11	15.07	15.14	14.38	14.79	1583000	6.04	2425	凯撒股份	SZ831	1/25/11	16.83	16.83	15.14	15.14	3351700	6.18	2425	凯撒股份	SZ832	1/24/11	16.99	17.33	16.67	16.83	750400	6.87	2425	凯撒股份	SZ833	1/21/11	17.08	17.23	16.96	16.99	633200	6.93	2425	凯撒股份	SZ834	1/20/11	17.65	17.75	17.21	17.21	514900	7.02	2425	凯撒股份	SZ835	1/19/11	17.5	17.9	17.25	17.71	932800	7.23	2425	凯撒股份	SZ836	1/18/11	17.54	17.54	17.16	17.45	426900	7.12	2425	凯撒股份	SZ837	1/17/11	17.66	17.92	17.21	17.58	1079700	7.17	2425	凯撒股份	SZ838	1/14/11	17.67	17.71	17.2	17.66	831300	7.21	2425	凯撒股份	SZ839	1/13/11	16.52	17.83	16.28	17.75	2071800	7.24	2425	凯撒股份	SZ840	1/12/11	17.02	17.08	16.46	16.52	898000	6.74	2425	凯撒股份	SZ841	1/11/11	17.15	17.42	16.94	17.08	424200	6.97	2425	凯撒股份	SZ842	1/10/11	16.92	17.21	16.73	17.2	836900	7.02	2425	凯撒股份	SZ843	1/7/11	16.71	17.2	16.71	16.98	765700	6.93	2425	凯撒股份	SZ844	1/6/11	16.66	17.15	16.66	16.77	364600	6.84	2425	凯撒股份	SZ845	1/5/11	16.96	17	16.62	16.73	1221500	6.83	2425	凯撒股份	SZ846	1/4/11	16.82	17.21	16.67	17	641100	6.94	2425	凯撒股份	SZ847	12/31/10	16.54	16.92	16.52	16.86	676500	6.88	2425	凯撒股份	SZ848	12/30/10	16.46	16.72	16.44	16.63	345500	6.79	2425	凯撒股份	SZ849	12/29/10	16.04	16.62	16.03	16.62	571000	6.78	2425	凯撒股份	SZ850	12/28/10	16.25	16.25	15.67	16.04	565400	6.55	2425	凯撒股份	SZ851	12/27/10	17.03	17.1	16.05	16.25	766000	6.63	2425	凯撒股份	SZ852	12/24/10	16.92	17.24	16.25	16.83	802300	6.87	2425	凯撒股份	SZ853	12/23/10	17.08	17.71	16.9	17.16	805600	7	2425	凯撒股份	SZ854	12/22/10	17.67	17.83	16.95	17.2	1935800	7.02	2425	凯撒股份	SZ855	12/21/10	18.14	18.25	17.62	17.78	1020600	7.25	2425	凯撒股份	SZ856	12/20/10	18.29	18.29	17.67	18.17	1224900	7.41	2425	凯撒股份	SZ857	12/17/10	17.68	18.26	17.67	18.17	1260400	7.41	2425	凯撒股份	SZ858	12/16/10	18.07	18.15	17.63	17.91	745500	7.31	2425	凯撒股份	SZ859	12/15/10	17.94	18.12	17.75	17.9	756700	7.31	2425	凯撒股份	SZ860	12/14/10	17.58	18.08	17.5	17.94	1306100	7.32	2425	凯撒股份	SZ861	12/13/10	17.59	17.71	17.08	17.61	3568000	7.19	2425	凯撒股份	SZ862	12/10/10	16.88	17.42	16.79	17.27	489800	7.05	2425	凯撒股份	SZ863	12/9/10	17.5	17.69	17	17	1222000	6.94	2425	凯撒股份	SZ864	12/8/10	16.95	17.75	16.72	17.7	1825500	7.22	2425	凯撒股份	SZ865	12/7/10	16.71	17.03	16.23	16.92	639500	6.9	2425	凯撒股份	SZ866	12/6/10	16.95	16.95	16.34	16.71	382500	6.82	2425	凯撒股份	SZ867	12/3/10	17.04	17.08	16.62	16.96	614200	6.92	2425	凯撒股份	SZ868	12/2/10	17.09	17.27	16.71	17	618400	6.94	2425	凯撒股份	SZ869	12/1/10	16.21	17.29	16.21	16.75	835400	6.84	2425	凯撒股份	SZ870	11/30/10	17.01	17.08	15.99	16.23	1908500	6.62	2425	凯撒股份	SZ871	11/29/10	17	17.29	16.77	17.01	908700	6.94	2425	凯撒股份	SZ872	11/26/10	17.24	17.25	16.73	17.21	928600	7.02	2425	凯撒股份	SZ873	11/25/10	17.12	17.29	16.96	17.08	1100000	6.97	2425	凯撒股份	SZ874	11/24/10	16.62	17.71	16.5	17.12	1922500	6.99	2425	凯撒股份	SZ875	11/22/10	16.66	17.26	15.9	16.99	2741300	6.93	2425	凯撒股份	SZ876	11/19/10	15.82	16.24	15.78	16.12	1827000	6.58	2425	凯撒股份	SZ877	11/18/10	15.54	15.92	15.29	15.81	1195400	6.45	2425	凯撒股份	SZ878	11/17/10	15.77	15.97	15.19	15.39	1847100	6.28	2425	凯撒股份	SZ879	11/16/10	15.21	16.27	15.21	15.77	4064700	6.43	2425	凯撒股份	SZ880	11/15/10	14.1	15.38	13.89	15.36	2701700	6.27	2425	凯撒股份	SZ881	11/12/10	15.17	15.25	14.04	14.08	3042700	5.75	2425	凯撒股份	SZ882	11/11/10	15.54	15.7	15.12	15.17	3355700	6.19	2425	凯撒股份	SZ883	11/10/10	15.49	15.49	15.14	15.49	1706900	6.32	2425	凯撒股份	SZ884	11/9/10	15.13	15.69	15.13	15.38	3588700	6.27	2425	凯撒股份	SZ885	11/8/10	14.94	15.35	14.83	15.17	1906900	6.19	2425	凯撒股份	SZ886	11/5/10	15.04	15.23	14.83	14.94	1146400	6.09	2425	凯撒股份	SZ887	11/4/10	14.69	15.23	14.6	15.1	1452800	6.16	2425	凯撒股份	SZ888	11/3/10	15	15.42	14.71	14.83	2375900	6.05	2425	凯撒股份	SZ889	11/2/10	15.16	15.5	14.96	14.96	2037500	6.1	2425	凯撒股份	SZ890	11/1/10	15.2	15.42	15	15.23	2031600	6.21	2425	凯撒股份	SZ891	10/29/10	14.5	15.2	14.16	15.2	1488000	6.2	2425	凯撒股份	SZ892	10/28/10	14.5	14.5	14.16	14.37	1195900	5.86	2425	凯撒股份	SZ893	10/27/10	14.91	14.92	14.48	14.5	1445400	5.92	2425	凯撒股份	SZ894	10/26/10	14.96	15.08	14.66	14.66	1438100	5.98	2425	凯撒股份	SZ895	10/25/10	14.69	15.04	14.4	15	2006300	6.12	2425	凯撒股份	SZ896	10/22/10	14.45	14.92	14.17	14.6	1354800	5.96	2425	凯撒股份	SZ897	10/21/10	14.72	15.15	14.45	14.58	2218100	5.95	2425	凯撒股份	SZ898	10/20/10	14.16	14.71	13.8	14.7	3126600	6	2425	凯撒股份	SZ899	10/19/10	14.17	14.56	13.92	14.27	2364700	5.82	2425	凯撒股份	SZ900	10/18/10	13.28	14.49	13.26	14.33	4768300	5.85	2425	凯撒股份	SZ901	10/15/10	13.12	13.37	12.85	13.36	2625100	5.45	2425	凯撒股份	SZ902	10/14/10	13.31	13.34	13.01	13.12	1215400	5.36	2425	凯撒股份	SZ903	10/13/10	13.47	13.47	12.75	13.33	2105800	5.44	2425	凯撒股份	SZ904	10/12/10	13.3	13.52	13.04	13.1	2101200	5.35	2425	凯撒股份	SZ905	10/11/10	13.82	13.88	12.92	13.29	4170500	5.42	2425	凯撒股份	SZ906	10/8/10	13.8	14.04	13.47	13.97	3029200	5.7	2425	凯撒股份	SZ907	9/30/10	13.56	13.95	13.56	13.76	1296600	5.62	2425	凯撒股份	SZ908	9/29/10	14.05	14.12	13.54	13.68	2398300	5.58	2425	凯撒股份	SZ909	9/28/10	13.44	14.42	13.44	14.12	5450700	5.76	2425	凯撒股份	SZ910	9/27/10	12.7	13.65	12.7	13.62	2499100	5.56	2425	凯撒股份	SZ911	9/21/10	12.9	12.95	12.58	12.7	2290600	5.18	2425	凯撒股份	SZ912	9/20/10	12.92	13.04	12.71	12.96	2878500	5.29	2425	凯撒股份	SZ913	9/17/10	12.16	12.95	12	12.92	5514800	5.27	2425	凯撒股份	SZ914	9/16/10	12	12.27	11.74	12.17	3545700	4.96	2425	凯撒股份	SZ915	9/15/10	12.21	12.41	11.92	12.03	3208500	4.91	2425	凯撒股份	SZ916	9/14/10	12.08	12.53	12.02	12.25	4723500	5	2425	凯撒股份	SZ917	9/13/10	11.84	12.21	11.75	12.14	7749800	4.95	2425	凯撒股份	SZ918	9/10/10	11.44	11.88	11.43	11.83	5939700	4.83	2425	凯撒股份	SZ919	9/9/10	11.58	11.79	11.37	11.43	5446100	4.66	2425	凯撒股份	SZ920	9/8/10	11.21	11.58	11.08	11.58	9647200	4.72	2425	凯撒股份	SZ921	9/7/10	11.25	11.46	11.17	11.37	2465700	4.64	2425	凯撒股份	SZ922	9/6/10	11.17	11.46	11.04	11.33	3632400	4.62	2425	凯撒股份	SZ923	9/3/10	11.15	11.22	10.88	11.17	5039300	4.56	2425	凯撒股份	SZ924	9/2/10	11.07	11.17	11	11.15	3744100	4.55	2425	凯撒股份	SZ925	9/1/10	11.75	11.78	10.82	11.01	6182100	4.49	2425	凯撒股份	SZ926	8/31/10	11.57	11.85	11.38	11.76	4406700	4.8	2425	凯撒股份	SZ927	8/30/10	11.55	11.65	11.35	11.65	5216100	4.75	2425	凯撒股份	SZ928	8/27/10	11.68	11.69	11.34	11.56	1716100	4.72	2425	凯撒股份	SZ929	8/26/10	11.24	11.69	11.12	11.62	3843600	4.74	2425	凯撒股份	SZ930	8/25/10	11.1	11.46	11.1	11.23	3366600	4.58	2425	凯撒股份	SZ931	8/24/10	10.83	11.2	10.83	11.17	3134400	4.56	2425	凯撒股份	SZ932	8/23/10	10.84	10.89	10.73	10.88	2129400	4.44	2425	凯撒股份	SZ933	8/20/10	11.18	11.18	10.67	10.79	3785500	4.4	2425	凯撒股份	SZ934	8/19/10	11.04	11.29	10.96	11.21	4141600	4.57	2425	凯撒股份	SZ935	8/18/10	11.24	11.37	11.02	11.04	2527000	4.51	2425	凯撒股份	SZ936	8/17/10	11.29	11.52	11.22	11.35	3419900	4.63	2425	凯撒股份	SZ937	8/16/10	10.89	11.37	10.85	11.29	4241300	4.61	2425	凯撒股份	SZ938	8/13/10	10.78	10.91	10.67	10.89	1909200	4.44	2425	凯撒股份	SZ939	8/12/10	10.95	11.04	10.75	10.78	2894400	4.4	2425	凯撒股份	SZ940	8/11/10	10.98	11.21	10.92	11.07	2202100	4.52	2425	凯撒股份	SZ941	8/10/10	11.5	11.56	10.95	10.95	3639900	4.47	2425	凯撒股份	SZ942	8/9/10	11.22	11.53	11.22	11.45	4416300	4.67	2425	凯撒股份	SZ943	8/6/10	10.82	11.25	10.82	11.22	3936100	4.58	2425	凯撒股份	SZ944	8/5/10	10.87	11.03	10.66	10.87	6510100	4.44	2425	凯撒股份	SZ945	8/4/10	10.45	11.04	10.45	10.94	6154800	4.46	2425	凯撒股份	SZ946	8/2/10	10.5	10.76	10.46	10.68	5714400	4.36	2425	凯撒股份	SZ947	7/30/10	10.33	10.62	10.25	10.58	5766200	4.32	2425	凯撒股份	SZ948	7/29/10	10.83	11.04	10.46	10.54	9359200	4.3	2425	凯撒股份	SZ949	7/28/10	10.54	11.04	10.54	10.77	7461600	4.4	2425	凯撒股份	SZ950	7/27/10	10.32	10.69	10.15	10.62	6545200	4.34	2425	凯撒股份	SZ951	7/26/10	10.27	10.39	10.08	10.35	4952800	4.22	2425	凯撒股份	SZ952	7/23/10	10.17	10.27	10.04	10.26	5078600	4.19	2425	凯撒股份	SZ953	7/22/10	10.01	10.36	9.96	10.22	6377700	4.17	2425	凯撒股份	SZ954	7/21/10	9.92	10.16	9.84	10.07	4914400	4.11	2425	凯撒股份	SZ955	7/20/10	9.65	10.04	9.65	9.89	3329500	4.03	2425	凯撒股份	SZ956	7/19/10	9.37	9.73	9.25	9.69	2527200	3.95	2425	凯撒股份	SZ957	7/16/10	9.46	9.66	9.25	9.46	3364800	3.86	2425	凯撒股份	SZ958	7/15/10	10.1	10.2	9.58	9.58	4756500	3.91	2425	凯撒股份	SZ959	7/14/10	10	10.14	9.93	10.1	5477000	4.12	2425	凯撒股份	SZ960	7/13/10	9.8	10.19	9.68	10.01	5938500	4.09	2425	凯撒股份	SZ961	7/12/10	9.79	10.16	9.73	9.98	6677700	4.07	2425	凯撒股份	SZ962	7/9/10	9.57	9.91	9.33	9.82	6139600	4.01	2425	凯撒股份	SZ963	7/8/10	9.74	9.79	9.42	9.54	5139100	3.89	2425	凯撒股份	SZ964	7/7/10	9.63	9.75	9.5	9.73	5628400	3.97	2425	凯撒股份	SZ965	7/6/10	9.17	9.87	9.16	9.71	9847900	3.96	2425	凯撒股份	SZ966	7/5/10	9.19	9.35	8.85	9.17	7124100	3.74	2425	凯撒股份	SZ967	7/2/10	9.42	9.64	9.02	9.38	5667300	3.83	2425	凯撒股份	SZ968	7/1/10	9.59	9.77	9.49	9.51	4094600	3.88	2425	凯撒股份	SZ969	6/30/10	9.58	9.77	9.26	9.67	6079400	3.95	2425	凯撒股份	SZ970	6/29/10	9.97	10.22	9.58	9.72	6702000	3.96	2425	凯撒股份	SZ971	6/28/10	9.92	10.24	9.91	9.99	4978500	4.08	2425	凯撒股份	SZ972	6/25/10	10.42	10.48	9.81	9.96	8723200	4.06	2425	凯撒股份	SZ973	6/24/10	10.52	10.7	10.35	10.5	6468200	4.28	2425	凯撒股份	SZ974	6/23/10	10.29	10.67	10.19	10.62	9179500	4.33	2425	凯撒股份	SZ975	6/22/10	10.69	10.82	10.46	10.48	9696200	4.27	2425	凯撒股份	SZ976	6/21/10	10.35	11	10.02	10.81	15289900	4.41	2425	凯撒股份	SZ977	6/18/10	11.56	11.82	10.54	10.54	16236700	4.3	2425	凯撒股份	SZ978	6/17/10	12	12.36	11.55	11.71	20889100	4.78	2425	凯撒股份	SZ979	6/11/10	11.67	11.97	11.5	11.97	27035700	4.88	2425	凯撒股份	SZ980	6/10/10	9.93	11.22	9.93	10.88	27537800	4.44	2425	凯撒股份	SZ981	6/9/10	9.88	10.74	9.62	10.38	30318400	4.23	2425	凯撒股份	SZ982	6/8/10	9.79	11.67	9.4	10.38	41790700	4.23	2425	凯撒股份	SZ