0	4/29/14	6.86	6.98	6.83	6.9	1603500	6.9	2243	通产丽星	SZ1	4/28/14	6.8	7.08	6.8	6.9	2373200	6.9	2243	通产丽星	SZ2	4/25/14	7.09	7.19	6.93	6.95	2044100	6.95	2243	通产丽星	SZ3	4/24/14	7	7.18	6.91	7.09	4050300	7.09	2243	通产丽星	SZ4	4/23/14	7.15	7.3	7	7.03	4533300	7.03	2243	通产丽星	SZ5	4/22/14	7.61	7.61	7.02	7.26	6591000	7.26	2243	通产丽星	SZ6	4/21/14	7.68	7.82	7.57	7.62	4460800	7.62	2243	通产丽星	SZ7	4/18/14	7.46	7.91	7.45	7.75	9123500	7.75	2243	通产丽星	SZ8	4/17/14	7.39	7.45	7.36	7.44	2220400	7.44	2243	通产丽星	SZ9	4/16/14	7.33	7.42	7.32	7.39	2446700	7.39	2243	通产丽星	SZ10	4/15/14	7.42	7.46	7.32	7.37	3155500	7.37	2243	通产丽星	SZ11	4/14/14	7.33	7.43	7.31	7.42	3616300	7.42	2243	通产丽星	SZ12	4/11/14	7.55	7.58	7.32	7.36	6383900	7.36	2243	通产丽星	SZ13	4/10/14	7.79	7.97	7.51	7.63	8403300	7.63	2243	通产丽星	SZ14	4/9/14	7.66	7.87	7.58	7.79	5909100	7.79	2243	通产丽星	SZ15	4/8/14	7.58	7.65	7.52	7.64	3859700	7.64	2243	通产丽星	SZ16	4/7/14	7.63	7.63	7.63	7.63	0	7.63	2243	通产丽星	SZ17	4/4/14	7.57	7.65	7.48	7.63	4831500	7.63	2243	通产丽星	SZ18	4/3/14	7.68	7.87	7.5	7.65	6973100	7.65	2243	通产丽星	SZ19	4/2/14	7.69	8.16	7.68	7.87	10455300	7.87	2243	通产丽星	SZ20	4/1/14	7.6	7.75	7.5	7.7	6281600	7.7	2243	通产丽星	SZ21	3/31/14	7.8	7.84	7.45	7.7	9843400	7.7	2243	通产丽星	SZ22	3/28/14	8.01	8.44	7.85	7.88	19699500	7.88	2243	通产丽星	SZ23	3/27/14	7.69	8.46	7.56	8.06	23398700	8.06	2243	通产丽星	SZ24	3/26/14	7.8	7.96	7.66	7.7	16542000	7.7	2243	通产丽星	SZ25	3/25/14	7.05	7.87	7.04	7.87	28884000	7.87	2243	通产丽星	SZ26	3/24/14	6.95	7.2	6.94	7.15	8575800	7.15	2243	通产丽星	SZ27	3/21/14	6.67	6.91	6.63	6.89	4065700	6.89	2243	通产丽星	SZ28	3/20/14	6.85	6.92	6.72	6.72	6484300	6.72	2243	通产丽星	SZ29	3/19/14	7.17	7.17	7.01	7.08	5993700	7.08	2243	通产丽星	SZ30	3/18/14	6.89	7.15	6.89	7.15	7731300	7.15	2243	通产丽星	SZ31	3/17/14	6.68	6.91	6.68	6.91	4837700	6.91	2243	通产丽星	SZ32	3/14/14	6.73	6.77	6.63	6.68	1244500	6.68	2243	通产丽星	SZ33	3/13/14	6.57	6.75	6.55	6.73	2034200	6.73	2243	通产丽星	SZ34	3/12/14	6.56	6.6	6.48	6.55	1085700	6.55	2243	通产丽星	SZ35	3/11/14	6.52	6.62	6.48	6.55	1047500	6.55	2243	通产丽星	SZ36	3/10/14	6.7	6.72	6.51	6.55	1628300	6.55	2243	通产丽星	SZ37	3/7/14	6.76	6.83	6.71	6.76	1407800	6.76	2243	通产丽星	SZ38	3/6/14	6.8	6.84	6.66	6.76	1669900	6.76	2243	通产丽星	SZ39	3/5/14	6.83	6.89	6.8	6.8	1288700	6.8	2243	通产丽星	SZ40	3/4/14	6.75	6.89	6.73	6.85	1989100	6.85	2243	通产丽星	SZ41	3/3/14	6.69	6.8	6.69	6.79	1830300	6.79	2243	通产丽星	SZ42	2/28/14	6.67	6.73	6.57	6.71	1797600	6.71	2243	通产丽星	SZ43	2/27/14	6.77	6.85	6.65	6.69	1886700	6.69	2243	通产丽星	SZ44	2/26/14	6.63	6.77	6.56	6.76	1815700	6.76	2243	通产丽星	SZ45	2/25/14	6.94	6.98	6.64	6.66	2960400	6.66	2243	通产丽星	SZ46	2/24/14	6.76	6.93	6.71	6.93	2793700	6.93	2243	通产丽星	SZ47	2/21/14	6.87	6.96	6.74	6.79	2232700	6.79	2243	通产丽星	SZ48	2/20/14	7.06	7.1	6.85	6.87	5070600	6.87	2243	通产丽星	SZ49	2/19/14	7.18	7.18	7.01	7.06	5309900	7.06	2243	通产丽星	SZ50	2/18/14	7.33	7.33	7.08	7.1	8702100	7.1	2243	通产丽星	SZ51	2/17/14	6.95	7.18	6.87	7.17	7220200	7.17	2243	通产丽星	SZ52	2/14/14	6.81	6.92	6.77	6.89	3650500	6.89	2243	通产丽星	SZ53	2/13/14	6.87	6.95	6.79	6.81	5684200	6.81	2243	通产丽星	SZ54	2/12/14	6.72	6.87	6.68	6.86	4751500	6.86	2243	通产丽星	SZ55	2/11/14	6.74	6.82	6.66	6.69	4979400	6.69	2243	通产丽星	SZ56	2/10/14	6.46	6.88	6.46	6.79	6202600	6.79	2243	通产丽星	SZ57	2/7/14	6.35	6.48	6.28	6.46	1225800	6.46	2243	通产丽星	SZ58	2/6/14	6.38	6.38	6.38	6.38	0	6.38	2243	通产丽星	SZ59	2/5/14	6.38	6.38	6.38	6.38	0	6.38	2243	通产丽星	SZ60	2/3/14	6.38	6.38	6.38	6.38	0	6.38	2243	通产丽星	SZ61	1/31/14	6.38	6.38	6.38	6.38	0	6.38	2243	通产丽星	SZ62	1/30/14	6.47	6.47	6.35	6.38	1155200	6.38	2243	通产丽星	SZ63	1/29/14	6.56	6.57	6.4	6.46	2982700	6.46	2243	通产丽星	SZ64	1/28/14	6.52	6.65	6.52	6.61	1965500	6.61	2243	通产丽星	SZ65	1/27/14	6.55	6.64	6.52	6.53	2087400	6.53	2243	通产丽星	SZ66	1/24/14	6.58	6.63	6.54	6.61	2736300	6.61	2243	通产丽星	SZ67	1/23/14	6.5	6.57	6.48	6.56	1635300	6.56	2243	通产丽星	SZ68	1/22/14	6.36	6.52	6.32	6.51	2111900	6.51	2243	通产丽星	SZ69	1/21/14	6.29	6.4	6.29	6.35	1317600	6.35	2243	通产丽星	SZ70	1/20/14	6.52	6.52	6.25	6.28	2162800	6.28	2243	通产丽星	SZ71	1/17/14	6.62	6.64	6.49	6.52	1897800	6.52	2243	通产丽星	SZ72	1/16/14	6.6	6.75	6.59	6.65	3378900	6.65	2243	通产丽星	SZ73	1/15/14	6.58	6.62	6.49	6.57	1725800	6.57	2243	通产丽星	SZ74	1/14/14	6.59	6.68	6.47	6.63	2383700	6.63	2243	通产丽星	SZ75	1/13/14	6.55	6.65	6.47	6.62	2902400	6.62	2243	通产丽星	SZ76	1/10/14	6.42	6.6	6.41	6.48	2050600	6.48	2243	通产丽星	SZ77	1/9/14	6.56	6.6	6.41	6.41	2083900	6.41	2243	通产丽星	SZ78	1/8/14	6.32	6.61	6.27	6.58	4272500	6.58	2243	通产丽星	SZ79	1/7/14	6.29	6.35	6.25	6.28	1034400	6.28	2243	通产丽星	SZ80	1/6/14	6.38	6.42	6.2	6.26	1334800	6.26	2243	通产丽星	SZ81	1/3/14	6.52	6.52	6.37	6.42	1173800	6.42	2243	通产丽星	SZ82	1/2/14	6.44	6.51	6.37	6.5	2059600	6.5	2243	通产丽星	SZ83	1/1/14	6.41	6.41	6.41	6.41	0	6.41	2243	通产丽星	SZ84	12/31/13	6.44	6.44	6.35	6.41	1484100	6.41	2243	通产丽星	SZ85	12/30/13	6.43	6.47	6.37	6.38	894700	6.38	2243	通产丽星	SZ86	12/27/13	6.22	6.41	6.21	6.39	1707100	6.39	2243	通产丽星	SZ87	12/26/13	6.38	6.38	6.22	6.23	961900	6.23	2243	通产丽星	SZ88	12/25/13	6.3	6.4	6.3	6.39	594200	6.39	2243	通产丽星	SZ89	12/24/13	6.3	6.41	6.29	6.33	860200	6.33	2243	通产丽星	SZ90	12/23/13	6.32	6.33	6.22	6.3	830900	6.3	2243	通产丽星	SZ91	12/20/13	6.39	6.39	6.23	6.29	1241900	6.29	2243	通产丽星	SZ92	12/19/13	6.44	6.46	6.34	6.36	1528600	6.36	2243	通产丽星	SZ93	12/18/13	6.4	6.49	6.39	6.39	1081000	6.39	2243	通产丽星	SZ94	12/17/13	6.49	6.49	6.39	6.42	1262500	6.42	2243	通产丽星	SZ95	12/16/13	6.65	6.66	6.44	6.46	2521600	6.46	2243	通产丽星	SZ96	12/13/13	6.71	6.75	6.63	6.65	2162900	6.65	2243	通产丽星	SZ97	12/12/13	6.64	6.72	6.63	6.71	2353700	6.71	2243	通产丽星	SZ98	12/11/13	6.6	6.71	6.55	6.63	2699200	6.63	2243	通产丽星	SZ99	12/10/13	6.65	6.72	6.61	6.63	2936100	6.63	2243	通产丽星	SZ100	12/9/13	6.54	6.62	6.53	6.62	1522000	6.62	2243	通产丽星	SZ101	12/6/13	6.57	6.6	6.51	6.54	1493300	6.54	2243	通产丽星	SZ102	12/5/13	6.55	6.64	6.48	6.58	2417900	6.58	2243	通产丽星	SZ103	12/4/13	6.35	6.62	6.34	6.52	3357900	6.52	2243	通产丽星	SZ104	12/3/13	6.22	6.48	6.22	6.42	1448100	6.42	2243	通产丽星	SZ105	12/2/13	6.58	6.63	6.26	6.26	3575900	6.26	2243	通产丽星	SZ106	11/29/13	6.68	6.75	6.64	6.71	2545800	6.71	2243	通产丽星	SZ107	11/28/13	6.64	6.74	6.62	6.7	2553000	6.7	2243	通产丽星	SZ108	11/27/13	6.61	6.65	6.56	6.63	2411300	6.63	2243	通产丽星	SZ109	11/26/13	6.67	6.77	6.58	6.6	5719000	6.6	2243	通产丽星	SZ110	11/25/13	6.66	6.84	6.56	6.69	7152400	6.69	2243	通产丽星	SZ111	11/22/13	6.8	6.91	6.71	6.71	8459100	6.71	2243	通产丽星	SZ112	11/21/13	6.8	6.87	6.72	6.83	8317600	6.83	2243	通产丽星	SZ113	11/20/13	6.8	6.89	6.76	6.85	8201900	6.85	2243	通产丽星	SZ114	11/19/13	6.69	7.01	6.61	6.85	11128500	6.85	2243	通产丽星	SZ115	11/18/13	6.47	6.79	6.47	6.69	8590700	6.69	2243	通产丽星	SZ116	11/15/13	6.31	6.61	6.31	6.47	3972400	6.47	2243	通产丽星	SZ117	11/14/13	6.31	6.39	6.15	6.37	2181200	6.37	2243	通产丽星	SZ118	11/13/13	6.46	6.57	6.37	6.39	4068800	6.39	2243	通产丽星	SZ119	11/12/13	6.37	6.54	6.28	6.45	5018400	6.45	2243	通产丽星	SZ120	11/11/13	6.18	6.38	6.18	6.34	1142000	6.34	2243	通产丽星	SZ121	11/8/13	6.25	6.34	6.24	6.26	1163800	6.26	2243	通产丽星	SZ122	11/7/13	6.28	6.4	6.25	6.33	2576600	6.33	2243	通产丽星	SZ123	11/6/13	6.22	6.36	6.19	6.3	2718200	6.3	2243	通产丽星	SZ124	11/5/13	6.14	6.24	6.08	6.23	1385200	6.23	2243	通产丽星	SZ125	11/4/13	6.17	6.21	6.14	6.18	658600	6.18	2243	通产丽星	SZ126	11/1/13	6.19	6.21	6.07	6.17	1151500	6.17	2243	通产丽星	SZ127	10/31/13	6.09	6.36	6.05	6.21	2394200	6.21	2243	通产丽星	SZ128	10/30/13	6.01	6.1	5.92	6.09	1290600	6.09	2243	通产丽星	SZ129	10/29/13	6.29	6.34	5.84	5.99	2401600	5.99	2243	通产丽星	SZ130	10/28/13	6.29	6.33	6.22	6.27	970400	6.27	2243	通产丽星	SZ131	10/25/13	6.49	6.49	6.24	6.29	1667600	6.29	2243	通产丽星	SZ132	10/24/13	6.51	6.53	6.4	6.47	2066100	6.47	2243	通产丽星	SZ133	10/23/13	6.66	6.72	6.45	6.49	3585400	6.49	2243	通产丽星	SZ134	10/22/13	6.75	6.85	6.69	6.71	5310500	6.71	2243	通产丽星	SZ135	10/21/13	6.63	6.66	6.5	6.65	2828200	6.65	2243	通产丽星	SZ136	10/18/13	6.64	6.64	6.52	6.56	1497100	6.56	2243	通产丽星	SZ137	10/17/13	6.53	6.59	6.46	6.54	2470000	6.54	2243	通产丽星	SZ138	10/16/13	6.64	6.68	6.43	6.49	1681200	6.49	2243	通产丽星	SZ139	10/15/13	6.7	6.74	6.6	6.66	2213700	6.66	2243	通产丽星	SZ140	10/14/13	6.62	6.78	6.61	6.69	3681700	6.69	2243	通产丽星	SZ141	10/11/13	6.49	6.62	6.49	6.61	2356200	6.61	2243	通产丽星	SZ142	10/10/13	6.56	6.57	6.49	6.51	1966200	6.51	2243	通产丽星	SZ143	10/9/13	6.41	6.54	6.25	6.54	2455000	6.54	2243	通产丽星	SZ144	10/8/13	6.38	6.43	6.31	6.42	1964200	6.42	2243	通产丽星	SZ145	10/7/13	6.38	6.38	6.38	6.38	0	6.38	2243	通产丽星	SZ146	10/4/13	6.38	6.38	6.38	6.38	0	6.38	2243	通产丽星	SZ147	10/3/13	6.38	6.38	6.38	6.38	0	6.38	2243	通产丽星	SZ148	10/2/13	6.38	6.38	6.38	6.38	0	6.38	2243	通产丽星	SZ149	10/1/13	6.38	6.38	6.38	6.38	0	6.38	2243	通产丽星	SZ150	9/30/13	6.26	6.4	6.26	6.38	1087000	6.38	2243	通产丽星	SZ151	9/27/13	6.32	6.35	6.24	6.26	1236000	6.26	2243	通产丽星	SZ152	9/26/13	6.52	6.55	6.25	6.3	2796000	6.3	2243	通产丽星	SZ153	9/25/13	6.59	6.64	6.54	6.55	1560500	6.55	2243	通产丽星	SZ154	9/24/13	6.61	6.63	6.51	6.56	1473700	6.56	2243	通产丽星	SZ155	9/23/13	6.48	6.62	6.48	6.59	1297400	6.59	2243	通产丽星	SZ156	9/20/13	6.5	6.5	6.5	6.5	0	6.5	2243	通产丽星	SZ157	9/18/13	6.45	6.55	6.42	6.5	1139300	6.5	2243	通产丽星	SZ158	9/17/13	6.67	6.67	6.43	6.45	2059500	6.45	2243	通产丽星	SZ159	9/16/13	6.68	6.71	6.62	6.64	1542100	6.64	2243	通产丽星	SZ160	9/13/13	6.62	6.72	6.61	6.68	2141600	6.68	2243	通产丽星	SZ161	9/12/13	6.53	6.67	6.53	6.62	2335200	6.62	2243	通产丽星	SZ162	9/11/13	6.68	6.71	6.52	6.55	3986400	6.55	2243	通产丽星	SZ163	9/10/13	6.7	6.74	6.65	6.68	3216800	6.68	2243	通产丽星	SZ164	9/9/13	6.71	6.73	6.65	6.7	2850100	6.7	2243	通产丽星	SZ165	9/6/13	6.65	6.71	6.61	6.69	3403900	6.69	2243	通产丽星	SZ166	9/5/13	6.73	6.78	6.61	6.63	5332600	6.63	2243	通产丽星	SZ167	9/4/13	6.9	7.2	6.73	6.77	16204100	6.77	2243	通产丽星	SZ168	9/3/13	6.54	7.05	6.49	7.05	15845200	7.05	2243	通产丽星	SZ169	9/2/13	6.34	6.59	6.19	6.57	5719500	6.57	2243	通产丽星	SZ170	8/30/13	6.3	6.42	6.29	6.35	2056100	6.35	2243	通产丽星	SZ171	8/29/13	6.42	6.5	6.3	6.31	2752600	6.31	2243	通产丽星	SZ172	8/28/13	6.39	6.53	6.37	6.42	3449200	6.42	2243	通产丽星	SZ173	8/27/13	6.45	6.48	6.36	6.43	2667700	6.43	2243	通产丽星	SZ174	8/26/13	6.19	6.58	6.17	6.45	5339000	6.45	2243	通产丽星	SZ175	8/23/13	6.3	6.33	6.06	6.19	2218900	6.19	2243	通产丽星	SZ176	8/22/13	6.19	6.31	6.17	6.29	1938800	6.29	2243	通产丽星	SZ177	8/21/13	6.17	6.24	6.11	6.22	1125600	6.22	2243	通产丽星	SZ178	8/20/13	6.18	6.23	6.13	6.16	1115200	6.16	2243	通产丽星	SZ179	8/19/13	6.06	6.19	6.03	6.16	1236100	6.16	2243	通产丽星	SZ180	8/16/13	6.18	6.35	6.07	6.09	2695300	6.09	2243	通产丽星	SZ181	8/15/13	6.27	6.33	6.2	6.22	1447700	6.22	2243	通产丽星	SZ182	8/14/13	6.37	6.42	6.26	6.29	2424700	6.29	2243	通产丽星	SZ183	8/13/13	6.26	6.39	6.24	6.39	2905500	6.39	2243	通产丽星	SZ184	8/12/13	6.19	6.29	6.14	6.27	2544800	6.27	2243	通产丽星	SZ185	8/9/13	6.17	6.19	6.07	6.18	1732100	6.18	2243	通产丽星	SZ186	8/8/13	6.2	6.2	6.1	6.14	1834000	6.14	2243	通产丽星	SZ187	8/7/13	6.15	6.29	6.14	6.18	3125300	6.18	2243	通产丽星	SZ188	8/6/13	6.17	6.21	6.1	6.2	2171700	6.2	2243	通产丽星	SZ189	8/5/13	6.1	6.18	6.04	6.15	2098200	6.15	2243	通产丽星	SZ190	8/2/13	6.1	6.11	6	6.07	2632600	6.07	2243	通产丽星	SZ191	8/1/13	5.87	6.08	5.87	6.07	2089000	6.07	2243	通产丽星	SZ192	7/31/13	5.84	5.95	5.84	5.93	1323900	5.93	2243	通产丽星	SZ193	7/30/13	5.86	5.89	5.79	5.85	1212700	5.85	2243	通产丽星	SZ194	7/29/13	6	6	5.82	5.82	1692000	5.82	2243	通产丽星	SZ195	7/26/13	6.01	6.06	5.93	6	1367200	6	2243	通产丽星	SZ196	7/25/13	6.11	6.13	5.99	6.01	1637500	6.01	2243	通产丽星	SZ197	7/24/13	6.05	6.23	6.04	6.11	2903200	6.11	2243	通产丽星	SZ198	7/23/13	5.8	6.16	5.78	6.12	3983400	6.12	2243	通产丽星	SZ199	7/22/13	5.77	5.83	5.67	5.79	1476500	5.79	2243	通产丽星	SZ200	7/19/13	5.95	6.02	5.77	5.77	2091400	5.77	2243	通产丽星	SZ201	7/18/13	6.07	6.07	5.92	5.94	1355900	5.94	2243	通产丽星	SZ202	7/17/13	6.05	6.09	5.98	6.02	1662800	6.02	2243	通产丽星	SZ203	7/16/13	6.03	6.1	5.94	6.07	1963600	6.07	2243	通产丽星	SZ204	7/15/13	5.95	6.07	5.9	6.05	2051800	6.05	2243	通产丽星	SZ205	7/12/13	6	6.08	5.9	5.95	2607100	5.95	2243	通产丽星	SZ206	7/11/13	5.83	6.06	5.81	6	2908800	6	2243	通产丽星	SZ207	7/10/13	5.66	5.83	5.64	5.83	1830500	5.83	2243	通产丽星	SZ208	7/9/13	5.57	5.73	5.56	5.7	928100	5.7	2243	通产丽星	SZ209	7/8/13	5.84	5.84	5.68	5.68	1683200	5.68	2243	通产丽星	SZ210	7/5/13	5.89	6	5.88	5.88	1628400	5.88	2243	通产丽星	SZ211	7/4/13	5.8	5.92	5.68	5.88	2233100	5.88	2243	通产丽星	SZ212	7/3/13	5.87	5.87	5.71	5.82	1622600	5.82	2243	通产丽星	SZ213	7/2/13	5.84	5.89	5.75	5.88	1640500	5.88	2243	通产丽星	SZ214	7/1/13	5.7	5.8	5.65	5.79	1208500	5.79	2243	通产丽星	SZ215	6/28/13	5.73	5.8	5.56	5.73	2442400	5.73	2243	通产丽星	SZ216	6/27/13	5.91	5.95	5.71	5.73	2194400	5.73	2243	通产丽星	SZ217	6/26/13	5.8	5.9	5.65	5.85	2281200	5.85	2243	通产丽星	SZ218	6/25/13	5.9	6.01	5.4	5.8	3918900	5.8	2243	通产丽星	SZ219	6/24/13	6.65	6.66	5.93	5.99	3815500	5.99	2243	通产丽星	SZ220	6/21/13	6.51	6.64	6.5	6.59	1553600	6.59	2243	通产丽星	SZ221	6/20/13	6.91	6.92	6.6	6.61	1927300	6.61	2243	通产丽星	SZ222	6/19/13	6.76	7	6.72	6.93	3160400	6.93	2243	通产丽星	SZ223	6/18/13	6.83	6.88	6.77	6.8	1482500	6.8	2243	通产丽星	SZ224	6/17/13	6.92	6.92	6.8	6.82	1340300	6.82	2243	通产丽星	SZ225	6/14/13	6.75	6.87	6.74	6.84	1520100	6.84	2243	通产丽星	SZ226	6/13/13	7.06	7.06	6.63	6.74	2083100	6.74	2243	通产丽星	SZ227	6/12/13	7.08	7.08	7.08	7.08	0	7.08	2243	通产丽星	SZ228	6/11/13	7.08	7.08	7.08	7.08	0	7.08	2243	通产丽星	SZ229	6/10/13	7.08	7.08	7.08	7.08	0	7.08	2243	通产丽星	SZ230	6/7/13	7.13	7.21	7.01	7.08	2659000	7.08	2243	通产丽星	SZ231	6/6/13	7.43	7.43	7.08	7.08	3160900	7.08	2243	通产丽星	SZ232	6/5/13	7.43	7.44	7.35	7.43	1601100	7.43	2243	通产丽星	SZ233	6/4/13	7.74	7.8	7.38	7.4	4758500	7.4	2243	通产丽星	SZ234	6/3/13	7.72	7.76	7.68	7.75	1777200	7.75	2243	通产丽星	SZ235	5/31/13	7.94	7.94	7.72	7.72	3881900	7.72	2243	通产丽星	SZ236	5/30/13	7.85	7.95	7.83	7.92	5265800	7.92	2243	通产丽星	SZ237	5/29/13	7.85	7.87	7.79	7.85	3272100	7.85	2243	通产丽星	SZ238	5/28/13	7.72	7.87	7.68	7.85	5236500	7.85	2243	通产丽星	SZ239	5/27/13	7.84	7.85	7.68	7.73	5810300	7.73	2243	通产丽星	SZ240	5/24/13	7.78	7.86	7.73	7.82	4031700	7.82	2243	通产丽星	SZ241	5/23/13	7.9	7.99	7.65	7.77	12299000	7.77	2243	通产丽星	SZ242	5/22/13	8.3	8.34	7.96	7.98	11545200	7.98	2243	通产丽星	SZ243	5/21/13	8.3	8.36	8.19	8.3	9454200	8.3	2243	通产丽星	SZ244	5/20/13	8.31	8.44	8.27	8.3	10258600	8.3	2243	通产丽星	SZ245	5/17/13	8.38	8.53	8.18	8.35	10370400	8.35	2243	通产丽星	SZ246	5/16/13	8.29	8.42	8.24	8.36	6157300	8.36	2243	通产丽星	SZ247	5/15/13	8.14	8.59	8.11	8.29	12558400	8.29	2243	通产丽星	SZ248	5/14/13	8.11	8.22	8.02	8.13	3192800	8.13	2243	通产丽星	SZ249	5/13/13	8.04	8.17	8.01	8.13	8488800	8.13	2243	通产丽星	SZ250	5/10/13	7.92	8.12	7.88	8.04	2959000	8.04	2243	通产丽星	SZ251	5/9/13	8.02	8.03	7.75	8	3450800	8	2243	通产丽星	SZ252	5/8/13	8.07	8.21	7.94	8	4511600	8	2243	通产丽星	SZ253	5/7/13	8.25	8.38	8.08	8.12	9596500	8.12	2243	通产丽星	SZ254	5/6/13	8.35	8.47	8.23	8.26	10614100	8.26	2243	通产丽星	SZ255	5/3/13	7.95	8.44	7.95	8.31	5421600	8.31	2243	通产丽星	SZ256	5/2/13	7.82	8.04	7.69	7.98	2773800	7.98	2243	通产丽星	SZ257	5/1/13	7.94	7.94	7.94	7.94	0	7.94	2243	通产丽星	SZ258	4/30/13	7.94	7.94	7.94	7.94	0	7.94	2243	通产丽星	SZ259	4/29/13	7.94	7.94	7.94	7.94	0	7.94	2243	通产丽星	SZ260	4/26/13	8.24	8.45	7.93	7.94	7558700	7.94	2243	通产丽星	SZ261	4/25/13	8.42	8.57	8.27	8.27	6346400	8.27	2243	通产丽星	SZ262	4/24/13	8.15	8.68	8.06	8.49	15564300	8.49	2243	通产丽星	SZ263	4/23/13	8.25	8.3	8.04	8.12	2886900	8.12	2243	通产丽星	SZ264	4/22/13	8.28	8.43	8.12	8.3	5421200	8.3	2243	通产丽星	SZ265	4/19/13	8.43	8.47	8.26	8.35	8030700	8.35	2243	通产丽星	SZ266	4/18/13	8.43	8.65	8.39	8.42	8289100	8.42	2243	通产丽星	SZ267	4/17/13	8.43	8.64	8.38	8.54	9027300	8.54	2243	通产丽星	SZ268	4/16/13	8.2	8.53	8.17	8.46	11393100	8.46	2243	通产丽星	SZ269	4/15/13	8.23	8.44	8.2	8.25	7103000	8.25	2243	通产丽星	SZ270	4/12/13	8.09	8.5	8.09	8.28	6972300	8.28	2243	通产丽星	SZ271	4/11/13	8.2	8.22	8.1	8.12	1222000	8.12	2243	通产丽星	SZ272	4/10/13	8.3	8.33	8.18	8.21	2215400	8.21	2243	通产丽星	SZ273	4/9/13	8.05	8.38	8.04	8.25	7069300	8.25	2243	通产丽星	SZ274	4/8/13	8.01	8.14	7.93	8.08	1745500	8.08	2243	通产丽星	SZ275	4/5/13	8.15	8.15	8.15	8.15	0	8.12	2243	通产丽星	SZ276	4/4/13	8.15	8.15	8.15	8.15	0	8.12	2243	通产丽星	SZ277	4/3/13	8.14	8.28	8.1	8.15	1540400	8.12	2243	通产丽星	SZ278	4/2/13	8.25	8.3	8.05	8.18	3736800	8.15	2243	通产丽星	SZ279	4/1/13	8.41	8.46	8.19	8.25	2767400	8.22	2243	通产丽星	SZ280	3/29/13	8.2	8.45	8.2	8.38	8602300	8.35	2243	通产丽星	SZ281	3/28/13	8.36	8.44	8.14	8.2	5726200	8.17	2243	通产丽星	SZ282	3/27/13	8.37	8.6	8.33	8.4	12140500	8.37	2243	通产丽星	SZ283	3/26/13	8.34	8.62	8.32	8.39	9659200	8.36	2243	通产丽星	SZ284	3/25/13	8.21	8.45	8.09	8.42	13372600	8.39	2243	通产丽星	SZ285	3/22/13	8.14	8.18	8.02	8.15	2790200	8.12	2243	通产丽星	SZ286	3/21/13	8.1	8.21	8.06	8.1	3752700	8.07	2243	通产丽星	SZ287	3/20/13	8.01	8.19	7.98	8.09	3639500	8.06	2243	通产丽星	SZ288	3/19/13	8.11	8.29	7.9	8.05	4145300	8.02	2243	通产丽星	SZ289	3/18/13	8.38	8.6	8.16	8.18	6468700	8.15	2243	通产丽星	SZ290	3/15/13	8.46	8.75	8.44	8.51	12008400	8.48	2243	通产丽星	SZ291	3/14/13	8.32	8.7	8.11	8.52	9306600	8.49	2243	通产丽星	SZ292	3/13/13	8.26	8.4	8.15	8.35	2647900	8.32	2243	通产丽星	SZ293	3/12/13	8.36	8.58	8.1	8.34	7377300	8.31	2243	通产丽星	SZ294	3/11/13	8.82	8.82	8.48	8.5	9551800	8.47	2243	通产丽星	SZ295	3/8/13	8.47	8.95	8.44	8.9	21584400	8.87	2243	通产丽星	SZ296	3/7/13	8.53	8.79	8.44	8.5	9651800	8.47	2243	通产丽星	SZ297	3/6/13	8.32	8.6	8.31	8.58	7604800	8.55	2243	通产丽星	SZ298	3/5/13	8.25	8.49	8.14	8.35	7388800	8.32	2243	通产丽星	SZ299	3/4/13	8.4	8.4	8.18	8.23	3018600	8.2	2243	通产丽星	SZ300	3/1/13	8.3	8.48	8.16	8.42	9272200	8.39	2243	通产丽星	SZ301	2/28/13	8.15	8.4	8.06	8.24	4991600	8.21	2243	通产丽星	SZ302	2/27/13	8.22	8.42	8.09	8.15	4224800	8.12	2243	通产丽星	SZ303	2/26/13	8.14	8.3	8.09	8.22	6789600	8.19	2243	通产丽星	SZ304	2/25/13	8.01	8.24	8.01	8.19	2452500	8.16	2243	通产丽星	SZ305	2/22/13	7.95	8.1	7.92	8.06	2131500	8.03	2243	通产丽星	SZ306	2/21/13	8.21	8.21	7.95	8.01	3409800	7.98	2243	通产丽星	SZ307	2/20/13	8.09	8.28	8.03	8.21	3503500	8.18	2243	通产丽星	SZ308	2/19/13	8.34	8.4	8.07	8.08	4011600	8.05	2243	通产丽星	SZ309	2/18/13	8.22	8.37	8.15	8.29	5333700	8.26	2243	通产丽星	SZ310	2/15/13	8.3	8.3	8.3	8.3	0	8.27	2243	通产丽星	SZ311	2/14/13	8.3	8.3	8.3	8.3	0	8.27	2243	通产丽星	SZ312	2/13/13	8.3	8.3	8.3	8.3	0	8.27	2243	通产丽星	SZ313	2/12/13	8.3	8.3	8.3	8.3	0	8.27	2243	通产丽星	SZ314	2/11/13	8.3	8.3	8.3	8.3	0	8.27	2243	通产丽星	SZ315	2/8/13	7.9	8.39	7.9	8.3	7052500	8.27	2243	通产丽星	SZ316	2/7/13	7.92	7.99	7.84	7.93	899900	7.9	2243	通产丽星	SZ317	2/6/13	7.85	8.02	7.81	7.94	5678300	7.91	2243	通产丽星	SZ318	2/5/13	7.88	7.95	7.71	7.9	3302800	7.87	2243	通产丽星	SZ319	2/4/13	8.12	8.13	7.84	7.95	6694200	7.92	2243	通产丽星	SZ320	2/1/13	7.75	8.16	7.7	8.1	12430200	8.07	2243	通产丽星	SZ321	1/31/13	7.85	7.96	7.64	7.77	5797300	7.74	2243	通产丽星	SZ322	1/30/13	7.75	7.9	7.65	7.8	8230800	7.77	2243	通产丽星	SZ323	1/29/13	7.48	8	7.35	7.83	10348600	7.8	2243	通产丽星	SZ324	1/28/13	6.96	7.61	6.96	7.52	9417500	7.5	2243	通产丽星	SZ325	1/25/13	6.82	6.98	6.77	6.92	1848000	6.9	2243	通产丽星	SZ326	1/24/13	7.05	7.05	6.77	6.82	2522100	6.8	2243	通产丽星	SZ327	1/23/13	6.9	7.02	6.85	7	2535000	6.98	2243	通产丽星	SZ328	1/22/13	7.2	7.2	6.89	6.94	3123500	6.92	2243	通产丽星	SZ329	1/21/13	7.15	7.25	7.08	7.2	2177600	7.18	2243	通产丽星	SZ330	1/18/13	7.08	7.13	7	7.13	1810600	7.11	2243	通产丽星	SZ331	1/17/13	7.05	7.1	6.96	7.08	1914400	7.06	2243	通产丽星	SZ332	1/16/13	7.11	7.19	6.95	7.1	5930900	7.08	2243	通产丽星	SZ333	1/15/13	6.82	7.26	6.81	7.1	7246500	7.08	2243	通产丽星	SZ334	1/14/13	6.55	6.88	6.55	6.84	4367100	6.82	2243	通产丽星	SZ335	1/11/13	6.84	6.87	6.57	6.62	3822600	6.6	2243	通产丽星	SZ336	1/10/13	6.79	6.89	6.75	6.8	2636200	6.78	2243	通产丽星	SZ337	1/9/13	6.83	6.88	6.76	6.79	2633400	6.77	2243	通产丽星	SZ338	1/8/13	6.75	6.84	6.68	6.83	2080300	6.81	2243	通产丽星	SZ339	1/7/13	6.64	6.77	6.56	6.76	2667500	6.74	2243	通产丽星	SZ340	1/4/13	6.67	6.69	6.55	6.65	1850300	6.63	2243	通产丽星	SZ341	1/3/13	6.6	6.6	6.6	6.6	0	6.58	2243	通产丽星	SZ342	1/2/13	6.6	6.6	6.6	6.6	0	6.58	2243	通产丽星	SZ343	1/1/13	6.6	6.6	6.6	6.6	0	6.58	2243	通产丽星	SZ344	12/31/12	6.72	6.8	6.59	6.6	2622500	6.58	2243	通产丽星	SZ345	12/28/12	6.63	6.78	6.63	6.71	1085600	6.69	2243	通产丽星	SZ346	12/27/12	6.83	6.88	6.67	6.71	1140500	6.69	2243	通产丽星	SZ347	12/26/12	6.73	6.85	6.63	6.83	2260400	6.81	2243	通产丽星	SZ348	12/25/12	6.46	6.75	6.46	6.68	2600300	6.66	2243	通产丽星	SZ349	12/24/12	6.38	6.51	6.35	6.48	1232500	6.46	2243	通产丽星	SZ350	12/21/12	6.5	6.52	6.39	6.5	2116500	6.48	2243	通产丽星	SZ351	12/20/12	6.47	6.54	6.43	6.5	1577400	6.48	2243	通产丽星	SZ352	12/19/12	6.4	6.48	6.38	6.43	747700	6.41	2243	通产丽星	SZ353	12/18/12	6.47	6.5	6.35	6.44	2155400	6.42	2243	通产丽星	SZ354	12/17/12	6.32	6.41	6.31	6.4	1581900	6.38	2243	通产丽星	SZ355	12/14/12	6.13	6.37	6.06	6.3	1911200	6.28	2243	通产丽星	SZ356	12/13/12	6.23	6.3	6.06	6.09	980300	6.07	2243	通产丽星	SZ357	12/12/12	6.44	6.44	6.26	6.32	1019600	6.3	2243	通产丽星	SZ358	12/11/12	6.38	6.46	6.32	6.4	839600	6.38	2243	通产丽星	SZ359	12/10/12	6.39	6.45	6.36	6.44	924300	6.42	2243	通产丽星	SZ360	12/7/12	6.3	6.44	6.25	6.37	447900	6.35	2243	通产丽星	SZ361	12/6/12	6.32	6.35	6.25	6.3	284900	6.28	2243	通产丽星	SZ362	12/5/12	6.02	6.57	5.96	6.35	1396800	6.33	2243	通产丽星	SZ363	12/4/12	5.93	6	5.82	5.97	364700	5.95	2243	通产丽星	SZ364	12/3/12	6.11	6.16	5.91	6	416400	5.98	2243	通产丽星	SZ365	11/30/12	6.14	6.18	6.1	6.12	492700	6.1	2243	通产丽星	SZ366	11/29/12	6.16	6.5	6.12	6.12	1191500	6.1	2243	通产丽星	SZ367	11/28/12	6.41	6.41	6.15	6.16	325700	6.14	2243	通产丽星	SZ368	11/27/12	6.66	6.66	6.4	6.43	279600	6.41	2243	通产丽星	SZ369	11/26/12	6.62	6.67	6.58	6.6	194800	6.58	2243	通产丽星	SZ370	11/23/12	6.5	6.7	6.47	6.7	446600	6.68	2243	通产丽星	SZ371	11/22/12	6.6	6.6	6.41	6.55	602800	6.53	2243	通产丽星	SZ372	11/21/12	6.64	6.66	6.52	6.65	391500	6.63	2243	通产丽星	SZ373	11/20/12	6.6	6.66	6.59	6.6	233700	6.58	2243	通产丽星	SZ374	11/19/12	6.64	6.67	6.52	6.64	342900	6.62	2243	通产丽星	SZ375	11/16/12	6.49	6.85	6.3	6.64	1048300	6.62	2243	通产丽星	SZ376	11/15/12	6.55	6.6	6.44	6.45	218600	6.43	2243	通产丽星	SZ377	11/14/12	6.52	6.62	6.3	6.55	298100	6.53	2243	通产丽星	SZ378	11/13/12	6.66	6.67	6.53	6.53	200700	6.51	2243	通产丽星	SZ379	11/12/12	6.68	6.68	6.61	6.67	238900	6.65	2243	通产丽星	SZ380	11/9/12	6.56	6.66	6.56	6.6	296700	6.58	2243	通产丽星	SZ381	11/8/12	6.68	6.72	6.6	6.61	298800	6.59	2243	通产丽星	SZ382	11/7/12	6.79	6.79	6.67	6.75	559300	6.73	2243	通产丽星	SZ383	11/6/12	6.95	6.95	6.72	6.72	1321700	6.7	2243	通产丽星	SZ384	11/5/12	6.9	6.95	6.9	6.91	423300	6.89	2243	通产丽星	SZ385	11/2/12	6.88	6.96	6.86	6.95	334100	6.93	2243	通产丽星	SZ386	11/1/12	6.87	6.95	6.76	6.93	578100	6.91	2243	通产丽星	SZ387	10/31/12	6.71	6.83	6.71	6.78	362900	6.76	2243	通产丽星	SZ388	10/30/12	6.85	6.98	6.75	6.75	550400	6.73	2243	通产丽星	SZ389	10/29/12	6.91	6.96	6.81	6.87	357200	6.85	2243	通产丽星	SZ390	10/26/12	7.08	7.14	6.61	6.91	617300	6.89	2243	通产丽星	SZ391	10/25/12	7.14	7.23	7.01	7.16	981700	7.14	2243	通产丽星	SZ392	10/24/12	7.11	7.24	7.11	7.2	428000	7.18	2243	通产丽星	SZ393	10/23/12	7.26	7.28	7.17	7.18	621100	7.16	2243	通产丽星	SZ394	10/22/12	7.1	7.23	7.05	7.21	622300	7.19	2243	通产丽星	SZ395	10/19/12	7.25	7.31	7.12	7.2	1021400	7.18	2243	通产丽星	SZ396	10/18/12	7.15	7.35	7.15	7.28	2197000	7.26	2243	通产丽星	SZ397	10/17/12	7.15	7.16	7.02	7.14	844000	7.12	2243	通产丽星	SZ398	10/16/12	6.93	7.19	6.88	7.16	1570600	7.14	2243	通产丽星	SZ399	10/15/12	6.85	6.91	6.8	6.88	215200	6.86	2243	通产丽星	SZ400	10/12/12	6.89	7	6.84	6.89	357700	6.87	2243	通产丽星	SZ401	10/11/12	6.98	7.04	6.87	6.88	340300	6.86	2243	通产丽星	SZ402	10/10/12	7	7.05	6.94	7.02	498300	7	2243	通产丽星	SZ403	10/9/12	6.88	7.02	6.88	7.01	476400	6.99	2243	通产丽星	SZ404	10/8/12	6.82	6.95	6.78	6.92	357100	6.9	2243	通产丽星	SZ405	10/5/12	6.77	6.77	6.77	6.77	0	6.75	2243	通产丽星	SZ406	10/4/12	6.77	6.77	6.77	6.77	0	6.75	2243	通产丽星	SZ407	10/3/12	6.77	6.77	6.77	6.77	0	6.75	2243	通产丽星	SZ408	10/2/12	6.77	6.77	6.77	6.77	0	6.75	2243	通产丽星	SZ409	10/1/12	6.77	6.77	6.77	6.77	0	6.75	2243	通产丽星	SZ410	9/28/12	6.67	6.79	6.62	6.77	258600	6.75	2243	通产丽星	SZ411	9/27/12	6.59	6.77	6.57	6.69	398600	6.67	2243	通产丽星	SZ412	9/26/12	6.69	6.69	6.57	6.62	282100	6.6	2243	通产丽星	SZ413	9/25/12	6.66	6.79	6.66	6.72	174900	6.7	2243	通产丽星	SZ414	9/24/12	6.71	6.75	6.6	6.7	509200	6.68	2243	通产丽星	SZ415	9/21/12	6.91	6.98	6.7	6.8	499200	6.78	2243	通产丽星	SZ416	9/20/12	7.18	7.25	6.93	6.94	484100	6.92	2243	通产丽星	SZ417	9/19/12	7.13	7.24	7.1	7.2	406200	7.18	2243	通产丽星	SZ418	9/18/12	7.19	7.28	7.1	7.1	660500	7.08	2243	通产丽星	SZ419	9/17/12	7.34	7.34	7.19	7.2	635500	7.18	2243	通产丽星	SZ420	9/14/12	7.48	7.5	7.2	7.35	1437300	7.33	2243	通产丽星	SZ421	9/13/12	7.55	7.61	7.42	7.42	1186900	7.4	2243	通产丽星	SZ422	9/12/12	7.46	7.58	7.41	7.55	1717400	7.52	2243	通产丽星	SZ423	9/11/12	7.35	7.41	7.27	7.41	836900	7.39	2243	通产丽星	SZ424	9/10/12	7.4	7.47	7.28	7.37	1646500	7.35	2243	通产丽星	SZ425	9/7/12	7.24	7.52	7.18	7.4	2681600	7.38	2243	通产丽星	SZ426	9/6/12	7.13	7.24	7.05	7.18	1040900	7.16	2243	通产丽星	SZ427	9/5/12	6.95	7.1	6.91	7.07	638600	7.05	2243	通产丽星	SZ428	9/4/12	7.07	7.08	6.91	7.03	511300	7.01	2243	通产丽星	SZ429	9/3/12	6.88	7.02	6.88	6.99	406000	6.97	2243	通产丽星	SZ430	8/31/12	7.02	7.02	6.89	6.91	451400	6.89	2243	通产丽星	SZ431	8/30/12	7.15	7.2	6.88	6.92	1457300	6.9	2243	通产丽星	SZ432	8/29/12	7.21	7.25	7.12	7.2	710800	7.18	2243	通产丽星	SZ433	8/28/12	7.16	7.25	7.07	7.21	871800	7.19	2243	通产丽星	SZ434	8/27/12	7.05	7.22	7.05	7.15	997200	7.13	2243	通产丽星	SZ435	8/24/12	7.21	7.31	7.1	7.11	2029600	7.09	2243	通产丽星	SZ436	8/23/12	7.03	7.38	6.91	7.31	3350800	7.29	2243	通产丽星	SZ437	8/22/12	6.84	7.2	6.84	7.04	1888100	7.02	2243	通产丽星	SZ438	8/21/12	6.75	6.89	6.75	6.82	859300	6.8	2243	通产丽星	SZ439	8/20/12	6.7	6.75	6.62	6.75	280400	6.73	2243	通产丽星	SZ440	8/17/12	6.79	6.79	6.68	6.73	248200	6.71	2243	通产丽星	SZ441	8/16/12	6.78	6.78	6.66	6.75	423900	6.73	2243	通产丽星	SZ442	8/15/12	6.82	6.83	6.56	6.77	344500	6.75	2243	通产丽星	SZ443	8/14/12	6.74	6.86	6.66	6.85	684600	6.83	2243	通产丽星	SZ444	8/13/12	6.88	6.88	6.71	6.73	412900	6.71	2243	通产丽星	SZ445	8/10/12	6.97	6.97	6.84	6.88	611400	6.86	2243	通产丽星	SZ446	8/9/12	6.95	7.05	6.79	6.97	1405900	6.95	2243	通产丽星	SZ447	8/8/12	6.78	7.21	6.75	6.98	1996700	6.96	2243	通产丽星	SZ448	8/7/12	6.65	6.78	6.6	6.78	989400	6.76	2243	通产丽星	SZ449	8/6/12	6.5	6.65	6.47	6.65	731400	6.63	2243	通产丽星	SZ450	8/3/12	6.49	6.53	6.36	6.5	629300	6.48	2243	通产丽星	SZ451	8/2/12	6.43	6.54	6.39	6.41	515800	6.39	2243	通产丽星	SZ452	8/1/12	6.21	6.48	6.2	6.46	1082600	6.44	2243	通产丽星	SZ453	7/31/12	6.69	6.7	6.22	6.25	1504300	6.23	2243	通产丽星	SZ454	7/30/12	6.99	7.03	6.61	6.69	913300	6.67	2243	通产丽星	SZ455	7/27/12	6.96	7.12	6.9	6.99	702900	6.97	2243	通产丽星	SZ456	7/26/12	6.94	7.02	6.91	6.96	324500	6.94	2243	通产丽星	SZ457	7/25/12	6.93	7.04	6.92	6.94	579900	6.92	2243	通产丽星	SZ458	7/24/12	6.83	6.98	6.81	6.96	284800	6.94	2243	通产丽星	SZ459	7/23/12	6.97	6.97	6.83	6.9	368800	6.88	2243	通产丽星	SZ460	7/20/12	6.95	7.05	6.94	7	945900	6.98	2243	通产丽星	SZ461	7/19/12	6.87	7.09	6.87	7.01	1482300	6.99	2243	通产丽星	SZ462	7/18/12	7	7.04	6.76	6.94	1298100	6.92	2243	通产丽星	SZ463	7/17/12	7.2	7.21	6.91	7.04	1150800	7.02	2243	通产丽星	SZ464	7/16/12	7.69	7.77	7.21	7.21	1215200	7.19	2243	通产丽星	SZ465	7/13/12	7.73	7.76	7.65	7.69	360000	7.66	2243	通产丽星	SZ466	7/12/12	7.68	7.78	7.65	7.74	840000	7.71	2243	通产丽星	SZ467	7/11/12	7.64	7.71	7.6	7.68	759000	7.65	2243	通产丽星	SZ468	7/10/12	7.66	7.77	7.58	7.64	929300	7.61	2243	通产丽星	SZ469	7/9/12	7.68	7.8	7.67	7.7	754400	7.67	2243	通产丽星	SZ470	7/6/12	7.84	7.84	7.5	7.78	1243200	7.75	2243	通产丽星	SZ471	7/5/12	8.02	8.1	7.6	7.78	1397500	7.75	2243	通产丽星	SZ472	7/4/12	8.27	8.27	7.93	8.09	2813800	8.06	2243	通产丽星	SZ473	7/3/12	8.39	8.48	8.24	8.28	1263200	8.25	2243	通产丽星	SZ474	7/2/12	8.48	8.49	8.28	8.45	1055300	8.42	2243	通产丽星	SZ475	6/29/12	8.45	8.5	8.35	8.41	1121600	8.38	2243	通产丽星	SZ476	6/28/12	8.35	8.56	8.31	8.45	2898100	8.42	2243	通产丽星	SZ477	6/27/12	8.17	8.41	8.17	8.37	2594000	8.34	2243	通产丽星	SZ478	6/26/12	7.95	8.3	7.81	8.24	2160600	8.21	2243	通产丽星	SZ479	6/25/12	7.88	8.1	7.88	7.96	1322900	7.93	2243	通产丽星	SZ480	6/22/12	8.07	8.07	8.07	8.07	0	8.04	2243	通产丽星	SZ481	6/21/12	8.21	8.22	8.01	8.07	851900	8.04	2243	通产丽星	SZ482	6/20/12	8.12	8.29	8.12	8.21	1122000	8.18	2243	通产丽星	SZ483	6/19/12	8.23	8.23	8.13	8.15	681400	8.12	2243	通产丽星	SZ484	6/18/12	8.23	8.34	8.11	8.24	1355000	8.21	2243	通产丽星	SZ485	6/15/12	8.06	8.3	7.94	8.25	1772700	8.22	2243	通产丽星	SZ486	6/14/12	8.05	8.15	7.99	8	1094500	7.97	2243	通产丽星	SZ487	6/13/12	8.07	8.12	7.98	8.11	1058900	8.08	2243	通产丽星	SZ488	6/12/12	7.98	8.04	7.89	7.99	1071600	7.96	2243	通产丽星	SZ489	6/11/12	7.97	8.06	7.81	7.96	1926500	7.93	2243	通产丽星	SZ490	6/8/12	8.23	8.23	7.91	7.91	2165200	7.88	2243	通产丽星	SZ491	6/7/12	8.33	8.35	8.05	8.1	1202600	8.07	2243	通产丽星	SZ492	6/6/12	8.34	8.39	8.16	8.23	878800	8.2	2243	通产丽星	SZ493	6/5/12	8.31	8.43	8.21	8.36	660200	8.33	2243	通产丽星	SZ494	6/4/12	8.59	8.67	8.35	8.4	1677600	8.28	2243	通产丽星	SZ495	6/1/12	8.78	8.82	8.63	8.7	5183400	8.58	2243	通产丽星	SZ496	5/31/12	8.52	8.81	8.49	8.78	2979600	8.66	2243	通产丽星	SZ497	5/30/12	8.51	8.66	8.49	8.64	5038300	8.52	2243	通产丽星	SZ498	5/29/12	8.46	8.59	8.34	8.53	2847700	8.41	2243	通产丽星	SZ499	5/28/12	8.38	8.5	8.14	8.46	1561700	8.34	2243	通产丽星	SZ500	5/25/12	8.3	8.53	8.28	8.41	1986100	8.29	2243	通产丽星	SZ501	5/24/12	8.39	8.39	8.39	8.39	0	8.27	2243	通产丽星	SZ502	5/23/12	8.49	8.55	8.06	8.39	3039700	8.27	2243	通产丽星	SZ503	5/22/12	8.51	8.56	8.42	8.48	2645700	8.36	2243	通产丽星	SZ504	5/21/12	8.99	9	8.37	8.52	4628000	8.4	2243	通产丽星	SZ505	5/18/12	8.87	8.87	8.87	8.87	0	8.75	2243	通产丽星	SZ506	5/17/12	8.87	8.87	8.87	8.87	0	8.75	2243	通产丽星	SZ507	5/16/12	8.87	8.87	8.87	8.87	0	8.75	2243	通产丽星	SZ508	5/15/12	8.87	8.87	8.87	8.87	0	8.75	2243	通产丽星	SZ509	5/14/12	8.87	8.87	8.87	8.87	0	8.75	2243	通产丽星	SZ510	5/11/12	8.94	8.95	8.81	8.87	1446400	8.75	2243	通产丽星	SZ511	5/10/12	8.72	9.09	8.7	8.9	4780500	8.78	2243	通产丽星	SZ512	5/9/12	8.92	8.92	8.7	8.7	2031500	8.58	2243	通产丽星	SZ513	5/8/12	8.75	8.95	8.74	8.94	3140200	8.81	2243	通产丽星	SZ514	5/7/12	8.67	8.81	8.57	8.8	1824400	8.68	2243	通产丽星	SZ515	5/4/12	8.71	8.81	8.61	8.69	2675000	8.57	2243	通产丽星	SZ516	5/3/12	8.59	8.71	8.52	8.7	1680400	8.58	2243	通产丽星	SZ517	5/2/12	8.79	8.79	8.4	8.62	5965400	8.5	2243	通产丽星	SZ518	5/1/12	8.86	8.86	8.86	8.86	0	8.74	2243	通产丽星	SZ519	4/30/12	8.86	8.86	8.86	8.86	0	8.74	2243	通产丽星	SZ520	4/27/12	9.4	9.57	8.66	8.86	10553000	8.74	2243	通产丽星	SZ521	4/26/12	9.1	9.6	9.01	9.43	12738500	9.3	2243	通产丽星	SZ522	4/25/12	9	9.12	8.7	9.1	3939700	8.97	2243	通产丽星	SZ523	4/24/12	8.88	9.3	8.8	9.07	6699300	8.94	2243	通产丽星	SZ524	4/23/12	8.68	8.94	8.63	8.92	4437600	8.8	2243	通产丽星	SZ525	4/20/12	8.84	8.95	8.8	8.86	2854800	8.74	2243	通产丽星	SZ526	4/19/12	9.09	9.09	8.75	8.91	2410400	8.79	2243	通产丽星	SZ527	4/18/12	8.84	9.06	8.83	9.05	2060400	8.92	2243	通产丽星	SZ528	4/17/12	8.92	8.97	8.76	8.85	1769300	8.73	2243	通产丽星	SZ529	4/16/12	8.98	8.99	8.83	8.92	1770100	8.8	2243	通产丽星	SZ530	4/13/12	8.87	9.15	8.83	9.03	4711000	8.9	2243	通产丽星	SZ531	4/12/12	8.79	8.88	8.7	8.88	3670600	8.76	2243	通产丽星	SZ532	4/11/12	8.51	8.85	8.42	8.8	5300000	8.68	2243	通产丽星	SZ533	4/10/12	8.45	8.45	8.45	8.45	0	8.33	2243	通产丽星	SZ534	4/9/12	8.33	8.67	8.25	8.45	5149300	8.33	2243	通产丽星	SZ535	4/6/12	8.35	8.44	8.28	8.33	1539500	8.21	2243	通产丽星	SZ536	4/5/12	8	8.35	8	8.35	2084800	8.23	2243	通产丽星	SZ537	4/4/12	7.99	7.99	7.99	7.99	0	7.88	2243	通产丽星	SZ538	4/3/12	7.99	7.99	7.99	7.99	0	7.88	2243	通产丽星	SZ539	4/2/12	7.99	7.99	7.99	7.99	0	7.88	2243	通产丽星	SZ540	3/30/12	8.18	8.22	7.91	7.99	1368000	7.88	2243	通产丽星	SZ541	3/29/12	8.31	8.38	8.12	8.16	1035400	8.05	2243	通产丽星	SZ542	3/28/12	8.81	8.88	8.36	8.39	1859900	8.27	2243	通产丽星	SZ543	3/27/12	9.06	9.1	8.87	8.92	1372200	8.8	2243	通产丽星	SZ544	3/26/12	8.96	9.1	8.92	9.01	831800	8.88	2243	通产丽星	SZ545	3/23/12	9.2	9.2	8.99	9	1889100	8.87	2243	通产丽星	SZ546	3/22/12	9.27	9.32	9.15	9.22	1656400	9.09	2243	通产丽星	SZ547	3/21/12	9.27	9.34	9.13	9.27	1617400	9.14	2243	通产丽星	SZ548	3/20/12	9.51	9.56	9.15	9.21	1707600	9.08	2243	通产丽星	SZ549	3/19/12	9.51	9.58	9.38	9.51	2213700	9.38	2243	通产丽星	SZ550	3/16/12	9.38	9.38	9.38	9.38	0	9.25	2243	通产丽星	SZ551	3/15/12	9.31	9.44	9.11	9.38	3362800	9.25	2243	通产丽星	SZ552	3/14/12	10.06	10.09	9.35	9.4	4337600	9.27	2243	通产丽星	SZ553	3/13/12	9.86	9.98	9.85	9.97	2727400	9.83	2243	通产丽星	SZ554	3/12/12	9.95	9.96	9.78	9.85	2398800	9.71	2243	通产丽星	SZ555	3/9/12	9.82	9.96	9.79	9.91	2138900	9.77	2243	通产丽星	SZ556	3/8/12	9.67	9.82	9.64	9.78	2658200	9.64	2243	通产丽星	SZ557	3/7/12	9.49	9.68	9.41	9.67	3209800	9.53	2243	通产丽星	SZ558	3/6/12	9.92	9.92	9.5	9.6	4102400	9.47	2243	通产丽星	SZ559	3/5/12	10.16	10.2	9.91	9.92	4548600	9.78	2243	通产丽星	SZ560	3/2/12	10.1	10.19	10.04	10.16	2700200	10.02	2243	通产丽星	SZ561	3/1/12	10.08	10.13	10.02	10.1	1604500	9.96	2243	通产丽星	SZ562	2/29/12	10.04	10.15	9.97	10.07	2030100	9.93	2243	通产丽星	SZ563	2/28/12	10.45	10.52	9.95	10.1	7238500	9.96	2243	通产丽星	SZ564	2/27/12	11.15	11.18	10.65	10.65	14600900	10.5	2243	通产丽星	SZ565	2/24/12	11.07	11.17	10.86	11.11	6864600	10.95	2243	通产丽星	SZ566	2/23/12	11.02	11.2	10.72	11.05	6999400	10.9	2243	通产丽星	SZ567	2/22/12	10.18	11.2	9.88	10.94	11500200	10.79	2243	通产丽星	SZ568	2/21/12	10.01	10.28	9.58	10.19	7732300	10.05	2243	通产丽星	SZ569	2/20/12	10.11	10.15	9.91	10.1	1969100	9.96	2243	通产丽星	SZ570	2/17/12	10.05	10.11	9.79	10	1161100	9.86	2243	通产丽星	SZ571	2/16/12	10.07	10.27	9.94	10.05	1974600	9.91	2243	通产丽星	SZ572	2/15/12	9.68	10.14	9.6	10.07	2528800	9.93	2243	通产丽星	SZ573	2/14/12	9.48	9.82	9.35	9.67	2846200	9.53	2243	通产丽星	SZ574	2/13/12	9.35	9.55	9.23	9.52	1164200	9.39	2243	通产丽星	SZ575	2/10/12	9.1	9.41	8.98	9.4	1812900	9.27	2243	通产丽星	SZ576	2/9/12	9.05	9.32	9.02	9.18	1488900	9.05	2243	通产丽星	SZ577	2/8/12	8.91	9.18	8.91	9.1	1896500	8.97	2243	通产丽星	SZ578	2/7/12	9.12	9.12	8.86	8.93	1260300	8.81	2243	通产丽星	SZ579	2/6/12	9.06	9.25	9	9.16	3021800	9.03	2243	通产丽星	SZ580	2/3/12	8.88	9.13	8.87	9.05	1652700	8.92	2243	通产丽星	SZ581	2/2/12	8.96	8.97	8.75	8.95	972300	8.82	2243	通产丽星	SZ582	2/1/12	8.76	8.95	8.7	8.92	1612400	8.8	2243	通产丽星	SZ583	1/31/12	8.8	8.83	8.6	8.76	1108300	8.64	2243	通产丽星	SZ584	1/30/12	8.77	8.95	8.5	8.81	2263500	8.69	2243	通产丽星	SZ585	1/27/12	8.75	8.75	8.75	8.75	0	8.63	2243	通产丽星	SZ586	1/26/12	8.75	8.75	8.75	8.75	0	8.63	2243	通产丽星	SZ587	1/25/12	8.75	8.75	8.75	8.75	0	8.63	2243	通产丽星	SZ588	1/24/12	8.75	8.75	8.75	8.75	0	8.63	2243	通产丽星	SZ589	1/23/12	8.75	8.75	8.75	8.75	0	8.63	2243	通产丽星	SZ590	1/20/12	8.56	8.87	8.51	8.75	1193800	8.63	2243	通产丽星	SZ591	1/19/12	8.39	8.67	8.28	8.54	967000	8.42	2243	通产丽星	SZ592	1/18/12	8.52	8.72	8.3	8.39	1462400	8.27	2243	通产丽星	SZ593	1/17/12	7.95	8.54	7.87	8.52	1371900	8.4	2243	通产丽星	SZ594	1/16/12	8.11	8.2	7.9	7.92	589800	7.81	2243	通产丽星	SZ595	1/13/12	8.62	8.75	8.25	8.25	1323200	8.13	2243	通产丽星	SZ596	1/12/12	8.6	8.78	8.5	8.62	1338000	8.5	2243	通产丽星	SZ597	1/11/12	8.4	8.79	8.33	8.72	3880400	8.6	2243	通产丽星	SZ598	1/10/12	8.16	8.48	8.08	8.43	2003300	8.31	2243	通产丽星	SZ599	1/9/12	7.72	8.11	7.62	8.1	1199000	7.99	2243	通产丽星	SZ600	1/6/12	7.83	7.85	7.35	7.82	942300	7.71	2243	通产丽星	SZ601	1/5/12	8.01	8.09	7.52	7.83	1566400	7.72	2243	通产丽星	SZ602	1/4/12	8.38	8.38	8.14	8.14	900600	8.03	2243	通产丽星	SZ603	1/3/12	8.13	8.27	8.06	8.18	722200	8.07	2243	通产丽星	SZ604	1/2/12	8.13	8.27	8.06	8.18	722200	8.07	2243	通产丽星	SZ605	12/30/11	8.13	8.27	8.06	8.18	722200	8.07	2243	通产丽星	SZ606	12/29/11	7.79	8.38	7.71	8.1	1422500	7.99	2243	通产丽星	SZ607	12/28/11	7.68	7.88	7.65	7.79	681300	7.68	2243	通产丽星	SZ608	12/27/11	8.11	8.11	7.7	7.73	630100	7.62	2243	通产丽星	SZ609	12/26/11	8.1	8.21	7.99	8.05	712900	7.94	2243	通产丽星	SZ610	12/23/11	7.97	8.19	7.86	8.15	1155500	8.04	2243	通产丽星	SZ611	12/22/11	8.03	8.18	7.58	8.02	3424700	7.91	2243	通产丽星	SZ612	12/21/11	8.42	8.42	8.42	8.42	0	8.3	2243	通产丽星	SZ613	12/20/11	8.32	8.54	8.32	8.42	1345900	8.3	2243	通产丽星	SZ614	12/19/11	8.46	8.48	8.2	8.43	1221200	8.31	2243	通产丽星	SZ615	12/16/11	8.2	8.49	8.17	8.46	1047600	8.34	2243	通产丽星	SZ616	12/15/11	8.47	8.57	8.16	8.24	1749000	8.12	2243	通产丽星	SZ617	12/14/11	8.65	8.77	8.52	8.54	930800	8.42	2243	通产丽星	SZ618	12/13/11	8.95	9.04	8.59	8.64	2054000	8.52	2243	通产丽星	SZ619	12/12/11	9.2	9.32	8.96	9.05	1454400	8.92	2243	通产丽星	SZ620	12/9/11	9.33	9.45	9.13	9.29	1460000	9.16	2243	通产丽星	SZ621	12/8/11	9.57	9.64	9.2	9.48	895400	9.35	2243	通产丽星	SZ622	12/7/11	9.63	9.72	9.5	9.57	945100	9.44	2243	通产丽星	SZ623	12/6/11	9.91	9.93	9.42	9.62	2035700	9.49	2243	通产丽星	SZ624	12/5/11	10.13	10.5	10	10	2875100	9.86	2243	通产丽星	SZ625	12/2/11	10.33	10.33	10.04	10.13	1204800	9.99	2243	通产丽星	SZ626	12/1/11	10.46	10.53	10.28	10.29	2291100	10.15	2243	通产丽星	SZ627	11/30/11	10.56	10.7	10.01	10.11	2904100	9.97	2243	通产丽星	SZ628	11/29/11	10.36	10.65	10.27	10.59	3924000	10.44	2243	通产丽星	SZ629	11/28/11	10.46	10.56	10.28	10.29	1593400	10.15	2243	通产丽星	SZ630	11/25/11	10.43	10.81	10.2	10.52	3924200	10.37	2243	通产丽星	SZ631	11/24/11	10.5	10.65	10.1	10.6	3162200	10.45	2243	通产丽星	SZ632	11/23/11	10.64	10.73	10.48	10.6	1017100	10.45	2243	通产丽星	SZ633	11/22/11	10.84	10.94	10.49	10.6	2043700	10.45	2243	通产丽星	SZ634	11/21/11	10.76	10.95	10.55	10.95	1231400	10.8	2243	通产丽星	SZ635	11/18/11	11.31	11.35	10.69	10.72	2956800	10.57	2243	通产丽星	SZ636	11/17/11	11.6	11.7	11.21	11.42	3104400	11.26	2243	通产丽星	SZ637	11/16/11	12.11	12.27	11.66	11.74	2591000	11.58	2243	通产丽星	SZ638	11/15/11	12.12	12.2	12	12.08	2485900	11.91	2243	通产丽星	SZ639	11/14/11	11.92	12.1	11.88	12.07	2722500	11.9	2243	通产丽星	SZ640	11/11/11	12.24	12.24	11.8	11.88	2243400	11.71	2243	通产丽星	SZ641	11/10/11	11.99	12.48	11.92	12.23	3804000	12.06	2243	通产丽星	SZ642	11/9/11	11.97	12.05	11.66	11.99	2417500	11.82	2243	通产丽星	SZ643	11/7/11	12.18	12.18	11.98	12.05	1450200	11.88	2243	通产丽星	SZ644	11/4/11	12.16	12.3	12.1	12.18	1058900	12.01	2243	通产丽星	SZ645	11/3/11	11.99	12.33	11.92	12.12	2185500	11.95	2243	通产丽星	SZ646	11/2/11	11.68	11.89	11.49	11.89	760200	11.72	2243	通产丽星	SZ647	11/1/11	11.84	12	11.69	11.82	969200	11.65	2243	通产丽星	SZ648	10/31/11	12.01	12.01	11.83	11.94	700400	11.77	2243	通产丽星	SZ649	10/28/11	11.87	12	11.7	11.99	1931900	11.82	2243	通产丽星	SZ650	10/27/11	11.88	12	11.45	11.85	1380200	11.68	2243	通产丽星	SZ651	10/26/11	11.9	12.14	11.77	11.93	1485200	11.76	2243	通产丽星	SZ652	10/25/11	11.4	12.08	11.2	12	1408700	11.83	2243	通产丽星	SZ653	10/24/11	11.3	11.5	11.04	11.5	738700	11.34	2243	通产丽星	SZ654	10/21/11	11.77	11.77	11.25	11.3	725700	11.14	2243	通产丽星	SZ655	10/20/11	11.7	11.8	11.49	11.75	687600	11.59	2243	通产丽星	SZ656	10/19/11	11.81	11.81	11.56	11.8	460200	11.63	2243	通产丽星	SZ657	10/18/11	12.31	12.31	11.8	11.81	627700	11.64	2243	通产丽星	SZ658	10/17/11	11.97	12.33	11.96	12.2	392800	12.03	2243	通产丽星	SZ659	10/14/11	12.35	12.35	12	12.1	438500	11.93	2243	通产丽星	SZ660	10/13/11	12.2	12.34	12.1	12.27	487400	12.1	2243	通产丽星	SZ661	10/12/11	11.81	12.3	11.81	12.24	923600	12.07	2243	通产丽星	SZ662	10/11/11	12.6	12.65	11.96	12.01	669900	11.84	2243	通产丽星	SZ663	10/10/11	12	12.45	11.84	12.4	524700	12.23	2243	通产丽星	SZ664	9/30/11	12.09	12.29	11.7	11.94	610200	11.77	2243	通产丽星	SZ665	9/29/11	12.45	12.5	12	12.03	406200	11.86	2243	通产丽星	SZ666	9/28/11	12.9	12.96	12.4	12.5	292300	12.33	2243	通产丽星	SZ667	9/27/11	12.88	13.05	12.72	12.85	331300	12.67	2243	通产丽星	SZ668	9/26/11	12.98	13.05	12.82	12.88	473400	12.7	2243	通产丽星	SZ669	9/23/11	12.93	13.13	12.88	12.96	472200	12.78	2243	通产丽星	SZ670	9/22/11	13.53	13.53	13.02	13.08	374000	12.9	2243	通产丽星	SZ671	9/21/11	13.25	13.62	13.18	13.57	480100	13.38	2243	通产丽星	SZ672	9/20/11	13	13.85	12.85	13.34	381200	13.15	2243	通产丽星	SZ673	9/19/11	13.05	13.36	12.98	13.17	347000	12.99	2243	通产丽星	SZ674	9/15/11	13.39	13.51	13.15	13.2	594000	13.02	2243	通产丽星	SZ675	9/14/11	13.78	13.78	13.21	13.4	875400	13.21	2243	通产丽星	SZ676	9/13/11	13.08	13.94	12.85	13.84	2240800	13.65	2243	通产丽星	SZ677	9/9/11	14.6	14.67	13.65	13.67	4642400	13.48	2243	通产丽星	SZ678	9/8/11	14.44	14.8	14.18	14.8	1322100	14.59	2243	通产丽星	SZ679	9/7/11	14.25	14.35	14.05	14.3	599300	14.1	2243	通产丽星	SZ680	9/6/11	14.03	14.28	14.03	14.17	240600	13.97	2243	通产丽星	SZ681	9/5/11	14.32	14.5	14.04	14.26	513000	14.06	2243	通产丽星	SZ682	9/2/11	14.78	14.88	14.35	14.52	661600	14.32	2243	通产丽星	SZ683	9/1/11	14.86	15.19	14.72	14.78	714000	14.57	2243	通产丽星	SZ684	8/31/11	15.12	15.12	14.66	14.77	1027800	14.56	2243	通产丽星	SZ685	8/30/11	14.88	15.28	14.75	15.13	4105200	14.92	2243	通产丽星	SZ686	8/29/11	14.15	15	13.94	14.99	2801600	14.78	2243	通产丽星	SZ687	8/26/11	14.21	14.35	14.15	14.17	442700	13.97	2243	通产丽星	SZ688	8/25/11	14.31	14.39	14.12	14.39	625000	14.19	2243	通产丽星	SZ689	8/24/11	14.32	14.52	14.08	14.24	256800	14.04	2243	通产丽星	SZ690	8/23/11	14.09	14.2	13.8	14.19	287100	13.99	2243	通产丽星	SZ691	8/22/11	13.92	14.19	13.81	13.86	461400	13.67	2243	通产丽星	SZ692	8/19/11	14	14.3	13.58	14.1	477200	13.9	2243	通产丽星	SZ693	8/18/11	14.58	14.65	14.02	14.14	606100	13.94	2243	通产丽星	SZ694	8/17/11	14.7	14.81	14.5	14.5	461600	14.3	2243	通产丽星	SZ695	8/16/11	14.81	14.98	14.62	14.65	524700	14.45	2243	通产丽星	SZ696	8/15/11	14.59	14.82	14.43	14.81	1038700	14.6	2243	通产丽星	SZ697	8/12/11	14.84	14.84	14.4	14.54	633500	14.34	2243	通产丽星	SZ698	8/11/11	14.15	14.48	14.02	14.38	798600	14.18	2243	通产丽星	SZ699	8/10/11	14.3	14.56	13.95	14.45	1525000	14.25	2243	通产丽星	SZ700	8/9/11	13.92	14.29	13.05	14.03	1873600	13.83	2243	通产丽星	SZ701	8/8/11	14.55	14.55	13.65	14.16	1051500	13.96	2243	通产丽星	SZ702	8/5/11	14.4	14.9	14.3	14.9	1286900	14.69	2243	通产丽星	SZ703	8/4/11	15.01	15.04	14.85	14.94	517800	14.73	2243	通产丽星	SZ704	8/3/11	14.67	15.05	14.54	14.87	847600	14.66	2243	通产丽星	SZ705	8/2/11	15.01	15.17	14.7	14.86	709100	14.65	2243	通产丽星	SZ706	8/1/11	15.15	15.2	14.85	15.15	1447200	14.94	2243	通产丽星	SZ707	7/29/11	14.75	15.18	14.61	15.15	2906300	14.94	2243	通产丽星	SZ708	7/28/11	14.88	14.89	14.55	14.7	1049300	14.49	2243	通产丽星	SZ709	7/27/11	14.59	14.99	14.4	14.9	1372900	14.69	2243	通产丽星	SZ710	7/26/11	14.5	14.67	14.34	14.6	632600	14.4	2243	通产丽星	SZ711	7/25/11	14.91	15.08	14.35	14.51	1944800	14.31	2243	通产丽星	SZ712	7/22/11	14.9	15.1	14.69	14.88	727300	14.67	2243	通产丽星	SZ713	7/21/11	15.22	15.43	14.91	14.93	2000100	14.72	2243	通产丽星	SZ714	7/20/11	15.21	15.41	15.09	15.22	1148800	15.01	2243	通产丽星	SZ715	7/19/11	15.39	15.45	15.05	15.09	1561400	14.88	2243	通产丽星	SZ716	7/18/11	14.98	15.55	14.9	15.47	3364500	15.25	2243	通产丽星	SZ717	7/15/11	14.89	15	14.71	14.96	1172500	14.75	2243	通产丽星	SZ718	7/14/11	14.6	14.84	14.56	14.78	775800	14.57	2243	通产丽星	SZ719	7/13/11	14.4	14.67	14.4	14.5	762500	14.3	2243	通产丽星	SZ720	7/12/11	14.91	14.92	14.38	14.43	949700	14.23	2243	通产丽星	SZ721	7/11/11	14.9	15.02	14.84	14.92	897200	14.71	2243	通产丽星	SZ722	7/8/11	14.7	14.99	14.61	14.91	1461900	14.7	2243	通产丽星	SZ723	7/7/11	14.99	15.25	14.7	14.75	1829800	14.54	2243	通产丽星	SZ724	7/6/11	14.61	15.02	14.51	15.02	2294000	14.81	2243	通产丽星	SZ725	7/5/11	14.41	14.8	14.32	14.66	1677300	14.45	2243	通产丽星	SZ726	7/4/11	14.3	14.66	14.3	14.41	1959600	14.21	2243	通产丽星	SZ727	7/1/11	14.3	14.35	14.15	14.28	1144100	14.08	2243	通产丽星	SZ728	6/30/11	13.85	14.3	13.81	14.19	1412500	13.99	2243	通产丽星	SZ729	6/29/11	14.3	14.46	13.87	13.88	1797300	13.69	2243	通产丽星	SZ730	6/28/11	14.7	14.7	14.27	14.4	2937800	14.2	2243	通产丽星	SZ731	6/27/11	14.78	14.82	14.45	14.82	3216000	14.61	2243	通产丽星	SZ732	6/24/11	14.09	14.8	14.09	14.8	1671400	14.59	2243	通产丽星	SZ733	6/23/11	13.7	14.24	13.7	14.18	1208200	13.98	2243	通产丽星	SZ734	6/22/11	13.99	13.99	13.7	13.86	322100	13.67	2243	通产丽星	SZ735	6/21/11	13.6	13.99	13.53	13.99	562700	13.79	2243	通产丽星	SZ736	6/20/11	13.61	13.79	13.5	13.6	556500	13.41	2243	通产丽星	SZ737	6/17/11	13.8	13.9	13.6	13.6	436500	13.41	2243	通产丽星	SZ738	6/16/11	14.3	14.33	13.74	13.8	738500	13.61	2243	通产丽星	SZ739	6/15/11	14.37	14.6	14.15	14.15	499400	13.95	2243	通产丽星	SZ740	6/14/11	14.3	14.45	14.19	14.32	432100	14.12	2243	通产丽星	SZ741	6/13/11	14.21	14.25	13.96	14.22	233600	14.02	2243	通产丽星	SZ742	6/10/11	14.15	14.25	13.96	14.21	537600	14.01	2243	通产丽星	SZ743	6/9/11	14.38	14.5	14.1	14.11	493000	13.91	2243	通产丽星	SZ744	6/7/11	14.2	14.43	14.11	14.43	532600	14.23	2243	通产丽星	SZ745	6/3/11	13.78	14.5	13.76	14.2	810900	14	2243	通产丽星	SZ746	6/2/11	13.91	13.91	13.65	13.78	619700	13.59	2243	通产丽星	SZ747	6/1/11	13.99	14	13.81	13.99	319700	13.79	2243	通产丽星	SZ748	5/31/11	13.7	13.99	13.7	13.98	372400	13.78	2243	通产丽星	SZ749	5/30/11	13.64	13.72	13.45	13.68	483500	13.49	2243	通产丽星	SZ750	5/27/11	13.66	13.87	13.37	13.58	753300	13.39	2243	通产丽星	SZ751	5/26/11	13.5	13.79	13.49	13.65	787900	13.46	2243	通产丽星	SZ752	5/25/11	13.88	14	13.42	13.49	747100	13.3	2243	通产丽星	SZ753	5/24/11	13.85	13.96	13.6	13.96	976000	13.76	2243	通产丽星	SZ754	5/23/11	14.6	14.63	13.86	13.89	1204900	13.7	2243	通产丽星	SZ755	5/20/11	14.79	14.97	14.57	14.73	966700	14.52	2243	通产丽星	SZ756	5/19/11	15	15.1	14.85	14.86	622900	14.65	2243	通产丽星	SZ757	5/18/11	14.72	15.02	14.6	15	751700	14.79	2243	通产丽星	SZ758	5/17/11	15.2	15.28	14.75	14.75	1166400	14.54	2243	通产丽星	SZ759	5/16/11	15.65	15.65	15.18	15.21	555600	15	2243	通产丽星	SZ760	5/13/11	15.65	15.79	15.1	15.23	970800	15.02	2243	通产丽星	SZ761	5/12/11	15.38	15.97	15.35	15.54	1479000	15.32	2243	通产丽星	SZ762	5/11/11	15.48	15.55	15.2	15.35	573900	15.14	2243	通产丽星	SZ763	5/10/11	15.2	15.4	15.2	15.33	547300	15.12	2243	通产丽星	SZ764	5/9/11	15.15	15.45	15.15	15.29	505000	15.08	2243	通产丽星	SZ765	5/6/11	14.98	15.4	14.93	15.3	1154600	15.09	2243	通产丽星	SZ766	5/5/11	14.88	15.23	14.87	15.14	627100	14.93	2243	通产丽星	SZ767	5/4/11	15.07	15.24	14.86	15.06	817200	14.85	2243	通产丽星	SZ768	5/3/11	14.59	15.26	14.55	15.25	1212600	15.04	2243	通产丽星	SZ769	4/29/11	14.4	14.78	14.28	14.52	871900	14.32	2243	通产丽星	SZ770	4/28/11	15.6	15.61	14.49	14.49	1283900	14.29	2243	通产丽星	SZ771	4/27/11	15.99	16.1	15.26	15.61	1614700	15.39	2243	通产丽星	SZ772	4/26/11	16.5	16.5	15.65	16.04	1717700	15.82	2243	通产丽星	SZ773	4/25/11	16.7	16.99	16.2	16.34	1653600	16.11	2243	通产丽星	SZ774	4/22/11	16.71	16.86	16.47	16.8	2213300	16.56	2243	通产丽星	SZ775	4/21/11	16.3	16.85	16.14	16.77	3955800	16.54	2243	通产丽星	SZ776	4/20/11	16.15	16.3	16.06	16.25	1106600	16.02	2243	通产丽星	SZ777	4/19/11	16.23	16.3	15.62	16.15	2160400	15.92	2243	通产丽星	SZ778	4/18/11	16.35	16.75	16.08	16.23	3267100	16	2243	通产丽星	SZ779	4/14/11	16.2	16.47	16.15	16.26	1352200	16.03	2243	通产丽星	SZ780	4/13/11	15.48	16.76	15.4	16.29	4350500	16.06	2243	通产丽星	SZ781	4/12/11	15.55	15.76	15.25	15.49	2037000	15.27	2243	通产丽星	SZ782	4/11/11	16.03	16.15	15.35	15.4	2283100	15.18	2243	通产丽星	SZ783	4/8/11	15.6	16.2	15.57	16.03	1776100	15.81	2243	通产丽星	SZ784	4/7/11	15.6	15.65	15.35	15.64	1775800	15.42	2243	通产丽星	SZ785	4/6/11	15.75	15.9	15.4	15.6	1533300	15.38	2243	通产丽星	SZ786	4/1/11	15.73	15.99	15.7	15.73	891200	15.51	2243	通产丽星	SZ787	3/31/11	16.1	16.37	15.61	15.86	1650900	15.64	2243	通产丽星	SZ788	3/30/11	16.5	16.67	16	16.06	1699900	15.84	2243	通产丽星	SZ789	3/29/11	16.88	16.88	16.29	16.56	2779000	16.33	2243	通产丽星	SZ790	3/28/11	16.76	17.1	16.71	16.83	2062300	16.59	2243	通产丽星	SZ791	3/25/11	17.39	17.39	16.76	16.77	2977600	16.54	2243	通产丽星	SZ792	3/24/11	17.18	17.35	16.91	17.1	1582700	16.86	2243	通产丽星	SZ793	3/23/11	16.6	17.48	16.58	17.18	4309500	16.94	2243	通产丽星	SZ794	3/22/11	16.97	17.1	16.5	16.9	3350600	16.66	2243	通产丽星	SZ795	3/21/11	16.13	17.02	16.02	16.97	5077500	16.73	2243	通产丽星	SZ796	3/18/11	16.3	16.35	15.7	16.13	2445700	15.9	2243	通产丽星	SZ797	3/17/11	16.63	16.63	16.05	16.18	2368700	15.95	2243	通产丽星	SZ798	3/16/11	16.88	16.96	16.52	16.71	2469900	16.48	2243	通产丽星	SZ799	3/15/11	16.52	16.85	16.05	16.67	5311500	16.44	2243	通产丽星	SZ800	3/14/11	16.49	16.8	16.25	16.5	2883300	16.27	2243	通产丽星	SZ801	3/11/11	16.28	16.9	16.21	16.53	3658300	16.3	2243	通产丽星	SZ802	3/10/11	16.43	16.7	16.1	16.4	4576200	16.17	2243	通产丽星	SZ803	3/9/11	17.35	17.35	16.66	16.69	4634600	16.46	2243	通产丽星	SZ804	3/8/11	17.6	17.78	16.93	17.38	4755500	17.14	2243	通产丽星	SZ805	3/7/11	17.5	17.85	17.18	17.65	7261000	17.4	2243	通产丽星	SZ806	3/4/11	16.39	17.98	16.34	17.39	7101000	17.15	2243	通产丽星	SZ807	3/3/11	16.85	16.95	16.21	16.38	5155200	16.15	2243	通产丽星	SZ808	3/2/11	16.8	17.1	16.42	16.88	2806400	16.64	2243	通产丽星	SZ809	3/1/11	16.76	17	16.5	16.98	3490200	16.74	2243	通产丽星	SZ810	2/28/11	16	16.81	15.65	16.71	4690900	16.48	2243	通产丽星	SZ811	2/25/11	15.83	16.1	15.53	16	2915300	15.78	2243	通产丽星	SZ812	2/24/11	16.05	16.99	15.75	15.91	6106000	15.69	2243	通产丽星	SZ813	2/23/11	15.59	16.07	15.4	16.05	5211200	15.83	2243	通产丽星	SZ814	2/22/11	15.8	16.19	15.35	15.7	7613900	15.48	2243	通产丽星	SZ815	2/21/11	14.8	16.1	14.8	15.87	11997500	15.65	2243	通产丽星	SZ816	2/17/11	14.43	14.98	14.31	14.97	4810600	14.76	2243	通产丽星	SZ817	2/16/11	14.15	14.46	13.96	14.45	2529700	14.25	2243	通产丽星	SZ818	2/15/11	14.01	14.49	13.99	14.15	2986400	13.95	2243	通产丽星	SZ819	2/14/11	13.69	14.11	13.57	14	3037800	13.8	2243	通产丽星	SZ820	2/11/11	13.62	13.95	13.55	13.68	2039300	13.49	2243	通产丽星	SZ821	2/10/11	13.24	13.76	13.2	13.6	1820400	13.41	2243	通产丽星	SZ822	2/9/11	13.2	13.44	13.11	13.21	937400	13.03	2243	通产丽星	SZ823	2/1/11	13.05	13.45	12.96	13.35	2289900	13.16	2243	通产丽星	SZ824	1/31/11	12.83	13.03	12.7	13	1301000	12.82	2243	通产丽星	SZ825	1/28/11	12.78	12.95	12.75	12.83	584700	12.65	2243	通产丽星	SZ826	1/27/11	12.68	12.88	12.4	12.85	959900	12.67	2243	通产丽星	SZ827	1/26/11	12.5	12.74	12.5	12.65	588600	12.47	2243	通产丽星	SZ828	1/25/11	12.8	12.9	12.45	12.52	607900	12.34	2243	通产丽星	SZ829	1/24/11	13	13.03	12.8	12.8	754200	12.62	2243	通产丽星	SZ830	1/21/11	12.84	13.08	12.84	12.94	751900	12.76	2243	通产丽星	SZ831	1/20/11	13.05	13.25	12.81	12.94	944700	12.76	2243	通产丽星	SZ832	1/19/11	12.82	13.25	12.62	13.12	772300	12.94	2243	通产丽星	SZ833	1/18/11	12.5	12.76	12.5	12.73	787800	12.55	2243	通产丽星	SZ834	1/17/11	13	13	12.55	12.66	1670300	12.48	2243	通产丽星	SZ835	1/14/11	13.34	13.37	13	13.03	938200	12.85	2243	通产丽星	SZ836	1/13/11	13.32	13.46	12.98	13.33	767800	13.14	2243	通产丽星	SZ837	1/12/11	13.3	13.35	13.12	13.33	1010600	13.14	2243	通产丽星	SZ838	1/11/11	13.45	13.6	13	13.22	1802800	13.04	2243	通产丽星	SZ839	1/10/11	13.89	14.05	13.6	13.6	1299700	13.41	2243	通产丽星	SZ840	1/7/11	13.9	14.06	13.82	13.89	1232000	13.7	2243	通产丽星	SZ841	1/6/11	14.24	14.25	13.83	13.9	1542200	13.71	2243	通产丽星	SZ842	1/5/11	14.4	14.47	14.23	14.25	1119000	14.05	2243	通产丽星	SZ843	1/4/11	14.38	14.56	14.02	14.45	1894600	14.25	2243	通产丽星	SZ844	12/31/10	14.06	14.28	13.7	14.28	2697500	14.08	2243	通产丽星	SZ845	12/30/10	13.98	14.16	13.8	14.05	1691200	13.85	2243	通产丽星	SZ846	12/29/10	13.75	13.97	13.7	13.94	962000	13.74	2243	通产丽星	SZ847	12/28/10	13.58	13.97	13.3	13.71	2106300	13.52	2243	通产丽星	SZ848	12/27/10	13.99	14.45	13.4	13.58	2160800	13.39	2243	通产丽星	SZ849	12/24/10	14.81	14.81	14.06	14.11	2954100	13.91	2243	通产丽星	SZ850	12/23/10	15.1	15.21	14.86	14.86	1851300	14.65	2243	通产丽星	SZ851	12/22/10	15.05	15.24	14.98	15.15	1933300	14.94	2243	通产丽星	SZ852	12/21/10	15.14	15.31	14.9	15.11	2360000	14.9	2243	通产丽星	SZ853	12/20/10	15.68	15.86	14.92	15.1	3689500	14.89	2243	通产丽星	SZ854	12/17/10	15.2	15.75	15	15.68	3173700	15.46	2243	通产丽星	SZ855	12/16/10	15.41	15.6	15.15	15.2	3091000	14.99	2243	通产丽星	SZ856	12/15/10	15.58	15.97	15.28	15.4	4083000	15.18	2243	通产丽星	SZ857	12/14/10	15.76	15.76	15.23	15.63	4186700	15.41	2243	通产丽星	SZ858	12/13/10	15.1	15.77	15.1	15.59	4596500	15.37	2243	通产丽星	SZ859	12/10/10	14.56	15.1	14.31	14.98	2435000	14.77	2243	通产丽星	SZ860	12/9/10	15	15.13	14.59	14.6	2910300	14.4	2243	通产丽星	SZ861	12/8/10	15.4	15.47	14.92	15.15	4250900	14.94	2243	通产丽星	SZ862	12/7/10	14.01	15.57	14	15.37	6821000	15.15	2243	通产丽星	SZ863	12/6/10	14.86	15.37	14.33	14.34	8993300	14.14	2243	通产丽星	SZ864	12/3/10	14.35	15.15	14.27	14.86	10506700	14.65	2243	通产丽星	SZ865	12/2/10	14.02	14.62	13.95	14.35	6080700	14.15	2243	通产丽星	SZ866	12/1/10	13.9	14.09	13.7	13.92	2276900	13.73	2243	通产丽星	SZ867	11/30/10	14.4	14.63	13.44	14	6119600	13.8	2243	通产丽星	SZ868	11/29/10	14.09	14.5	13.99	14.45	5040500	14.25	2243	通产丽星	SZ869	11/26/10	14.23	14.43	13.95	13.99	4043600	13.79	2243	通产丽星	SZ870	11/25/10	13.9	14.45	13.85	14.37	6605300	14.17	2243	通产丽星	SZ871	11/24/10	13.27	14.04	13.25	13.96	5222600	13.76	2243	通产丽星	SZ872	11/23/10	13.51	13.51	12.95	13.41	3077600	13.22	2243	通产丽星	SZ873	11/22/10	13.3	13.8	13.18	13.52	4446200	13.33	2243	通产丽星	SZ874	11/19/10	12.79	13.5	12.74	13.4	4306600	13.21	2243	通产丽星	SZ875	11/18/10	13.04	13.14	12.35	12.79	4126100	12.61	2243	通产丽星	SZ876	11/17/10	13.43	13.99	12.83	12.83	6101100	12.65	2243	通产丽星	SZ877	11/15/10	14.05	14.37	13.05	14.26	8102100	14.06	2243	通产丽星	SZ878	11/12/10	14.02	14.6	13.66	13.81	14806700	13.62	2243	通产丽星	SZ879	11/11/10	13.77	14.46	13.77	13.88	9930800	13.69	2243	通产丽星	SZ880	11/10/10	13.96	14.18	13.71	13.77	4956600	13.58	2243	通产丽星	SZ881	11/9/10	13.46	14.2	13.34	14.09	7960800	13.89	2243	通产丽星	SZ882	11/8/10	13.22	13.66	13.12	13.57	4743200	13.38	2243	通产丽星	SZ883	11/5/10	13.35	13.68	13.08	13.21	4256900	13.03	2243	通产丽星	SZ884	11/4/10	12.88	13.48	12.88	13.28	4403300	13.09	2243	通产丽星	SZ885	11/3/10	13.4	13.4	12.82	12.9	5804800	12.72	2243	通产丽星	SZ886	11/2/10	13.86	13.97	13.41	13.42	10962300	13.23	2243	通产丽星	SZ887	11/1/10	12.75	13.92	12.73	13.85	12281000	13.66	2243	通产丽星	SZ888	10/29/10	12.61	12.78	12.35	12.65	4361900	12.47	2243	通产丽星	SZ889	10/28/10	12.61	12.69	12.35	12.51	2958100	12.33	2243	通产丽星	SZ890	10/27/10	12.35	12.78	12.25	12.56	5773900	12.38	2243	通产丽星	SZ891	10/26/10	12.32	12.34	12.06	12.31	3329800	12.14	2243	通产丽星	SZ892	10/25/10	11.9	12.34	11.9	12.3	3284500	12.13	2243	通产丽星	SZ893	10/22/10	12.02	12.09	11.8	11.87	2780400	11.7	2243	通产丽星	SZ894	10/21/10	11.97	12.1	11.8	12.01	3176100	11.84	2243	通产丽星	SZ895	10/20/10	12.07	12.11	11.86	11.96	2212500	11.79	2243	通产丽星	SZ896	10/19/10	12.04	12.2	11.85	12.18	1670200	12.01	2243	通产丽星	SZ897	10/18/10	11.82	12.15	11.3	12.03	4039600	11.86	2243	通产丽星	SZ898	10/15/10	11.9	12.23	11.73	11.8	2242600	11.63	2243	通产丽星	SZ899	10/14/10	12.2	12.2	11.9	11.9	2273800	11.73	2243	通产丽星	SZ900	10/13/10	12.35	12.47	12.04	12.32	3942400	12.15	2243	通产丽星	SZ901	10/12/10	12.85	12.87	12.31	12.33	5004400	12.16	2243	通产丽星	SZ902	10/11/10	13.16	13.18	12.77	12.87	3176300	12.69	2243	通产丽星	SZ903	10/8/10	12.82	13.17	12.8	13.11	1914900	12.93	2243	通产丽星	SZ904	9/30/10	12.7	12.95	12.65	12.74	1372500	12.56	2243	通产丽星	SZ905	9/29/10	13.21	13.29	12.78	12.82	1722000	12.64	2243	通产丽星	SZ906	9/28/10	13.25	13.44	13.05	13.2	2465300	13.02	2243	通产丽星	SZ907	9/27/10	12.91	13.27	12.91	13.21	2100300	13.03	2243	通产丽星	SZ908	9/21/10	12.65	12.98	12.55	12.87	1654100	12.69	2243	通产丽星	SZ909	9/20/10	12.69	12.75	12.5	12.67	1675300	12.49	2243	通产丽星	SZ910	9/17/10	12.89	12.98	12.6	12.63	2220600	12.45	2243	通产丽星	SZ911	9/16/10	12.75	12.89	12.58	12.88	3622900	12.7	2243	通产丽星	SZ912	9/15/10	13.09	13.28	12.6	12.7	3393900	12.52	2243	通产丽星	SZ913	9/14/10	13.29	13.33	13.05	13.09	2793700	12.91	2243	通产丽星	SZ914	9/13/10	13.09	13.43	13	13.23	4198300	13.04	2243	通产丽星	SZ915	9/10/10	12.76	13.07	12.64	13.02	3505800	12.84	2243	通产丽星	SZ916	9/9/10	12.9	13.1	12.6	12.65	3289500	12.47	2243	通产丽星	SZ917	9/8/10	12.53	12.79	12.53	12.79	2351800	12.61	2243	通产丽星	SZ918	9/7/10	12.44	12.69	12.32	12.63	2011600	12.45	2243	通产丽星	SZ919	9/6/10	12.75	12.87	12.43	12.43	2764600	12.26	2243	通产丽星	SZ920	9/3/10	12.65	12.86	12.52	12.75	2642200	12.57	2243	通产丽星	SZ921	9/2/10	12.61	12.75	12.48	12.62	3576300	12.44	2243	通产丽星	SZ922	9/1/10	12.8	12.8	12.37	12.51	4346900	12.33	2243	通产丽星	SZ923	8/31/10	12.5	12.78	12.41	12.75	6105900	12.57	2243	通产丽星	SZ924	8/30/10	12.03	12.63	11.98	12.6	7184300	12.42	2243	通产丽星	SZ925	8/27/10	11.95	12	11.71	11.9	1572900	11.73	2243	通产丽星	SZ926	8/26/10	11.6	11.93	11.6	11.93	2450700	11.76	2243	通产丽星	SZ927	8/25/10	11.66	11.77	11.51	11.57	1487800	11.41	2243	通产丽星	SZ928	8/24/10	11.54	11.81	11.42	11.7	1769600	11.54	2243	通产丽星	SZ929	8/23/10	11.5	11.8	11.5	11.58	1498800	11.42	2243	通产丽星	SZ930	8/20/10	11.87	11.87	11.47	11.51	3046800	11.35	2243	通产丽星	SZ931	8/19/10	11.78	11.95	11.63	11.89	3472400	11.72	2243	通产丽星	SZ932	8/18/10	11.93	12	11.69	11.78	4171800	11.62	2243	通产丽星	SZ933	8/17/10	12.2	12.2	11.8	11.94	5568100	11.77	2243	通产丽星	SZ934	8/16/10	12.1	12.3	12.01	12.16	6201800	11.99	2243	通产丽星	SZ935	8/13/10	11.79	12.19	11.62	12.18	6931700	12.01	2243	通产丽星	SZ936	8/12/10	11.36	11.95	11.31	11.8	6316700	11.63	2243	通产丽星	SZ937	8/11/10	10.85	11.75	10.68	11.64	4563300	11.48	2243	通产丽星	SZ938	8/9/10	11.09	11.41	11.09	11.17	2734800	11.01	2243	通产丽星	SZ939	8/6/10	10.66	11.11	10.56	11.08	2926700	10.92	2243	通产丽星	SZ940	8/5/10	10.73	10.81	10.61	10.68	1848300	10.53	2243	通产丽星	SZ941	8/4/10	10.75	10.79	10.37	10.73	1923100	10.58	2243	通产丽星	SZ942	8/3/10	11.09	11.1	10.75	10.77	2574700	10.62	2243	通产丽星	SZ943	8/2/10	10.82	11.12	10.82	11.06	2079200	10.91	2243	通产丽星	SZ944	7/30/10	10.61	10.9	10.61	10.9	2356300	10.75	2243	通产丽星	SZ945	7/29/10	10.69	10.82	10.56	10.72	2303600	10.57	2243	通产丽星	SZ946	7/28/10	10.4	10.7	10.29	10.7	3027200	10.55	2243	通产丽星	SZ947	7/27/10	10.5	10.59	10.35	10.37	1348500	10.22	2243	通产丽星	SZ948	7/26/10	10.38	10.56	10.29	10.5	1677100	10.35	2243	通产丽星	SZ949	7/23/10	10.65	10.69	10.23	10.38	1653900	10.23	2243	通产丽星	SZ950	7/22/10	10.21	10.51	10.21	10.51	1506900	10.36	2243	通产丽星	SZ951	7/21/10	10.38	10.41	10.21	10.23	1145000	10.09	2243	通产丽星	SZ952	7/20/10	10.07	10.4	10.07	10.37	1569900	10.22	2243	通产丽星	SZ953	7/19/10	9.8	10.1	9.74	10.07	732100	9.93	2243	通产丽星	SZ954	7/16/10	9.67	9.9	9.55	9.83	417500	9.69	2243	通产丽星	SZ955	7/15/10	10.07	10.14	9.74	9.75	619100	9.61	2243	通产丽星	SZ956	7/14/10	10.1	10.3	9.95	10.07	680400	9.93	2243	通产丽星	SZ957	7/13/10	10.26	10.31	9.95	10.1	612900	9.96	2243	通产丽星	SZ958	7/12/10	10.25	10.39	10.2	10.35	1129800	10.21	2243	通产丽星	SZ959	7/9/10	10.2	10.42	10.08	10.28	928600	10.14	2243	通产丽星	SZ960	7/8/10	10.14	10.3	10.04	10.09	586000	9.95	2243	通产丽星	SZ961	7/7/10	9.98	10.19	9.98	10.15	720700	10.01	2243	通产丽星	SZ962	7/6/10	9.54	9.94	9.52	9.92	852400	9.78	2243	通产丽星	SZ963	7/5/10	9.32	9.61	9.32	9.54	528800	9.41	2243	通产丽星	SZ964	7/2/10	9.42	9.5	9.21	9.46	955800	9.33	2243	通产丽星	SZ965	7/1/10	9.3	9.6	9.3	9.43	1184400	9.3	2243	通产丽星	SZ966	6/30/10	9.22	9.45	9.22	9.4	1247700	9.27	2243	通产丽星	SZ967	6/29/10	10.38	10.38	9.36	9.5	1611500	9.37	2243	通产丽星	SZ968	6/28/10	10.5	10.6	10.29	10.4	794300	10.25	2243	通产丽星	SZ969	6/25/10	10.7	10.8	10.26	10.53	2043600	10.38	2243	通产丽星	SZ970	6/24/10	10.85	10.88	10.58	10.82	2997300	10.67	2243	通产丽星	SZ971	6/23/10	10.1	11.06	10.1	11.03	4346800	10.88	2243	通产丽星	SZ972	6/22/10	10.23	10.35	10.18	10.22	564700	10.08	2243	通产丽星	SZ973	6/21/10	10	10.26	9.9	10.26	1711300	10.12	2243	通产丽星	SZ974	6/18/10	10.3	10.37	9.9	10	1841700	9.86	2243	通产丽星	SZ975	6/17/10	10.4	10.49	10.21	10.31	1236800	10.17	2243	通产丽星	SZ976	6/11/10	10.35	10.5	10.3	10.4	1501500	10.25	2243	通产丽星	SZ977	6/10/10	10.36	10.54	10.28	10.32	1611900	10.18	2243	通产丽星	SZ978	6/9/10	10.43	10.59	10.2	10.37	3140900	10.22	2243	通产丽星	SZ979	6/8/10	10.3	10.67	10.26	10.43	2701200	10.28	2243	通产丽星	SZ980	6/7/10	10	10.4	9.81	10.3	2631900	10.16	2243	通产丽星	SZ981	6/4/10	10	10.22	9.7	10.2	1739800	10.06	2243	通产丽星	SZ982	6/3/10	10.31	10.51	10.09	10.12	3866800	9.98	2243	通产丽星	SZ983	6/2/10	9.76	10.47	9.71	10.32	4481800	10.18	2243	通产丽星	SZ984	6/1/10	9.52	9.78	9.44	9.76	2537200	9.62	2243	通产丽星	SZ985	5/31/10	9.8	10.09	9.8	9.8	3196100	9.56	2243	通产丽星	SZ986	5/28/10	9.55	10.09	9.55	10	5302600	9.75	2243	通产丽星	SZ987	5/27/10	9.35	9.57	9.11	9.49	2814300	9.25	2243	通产丽星	SZ988	5/26/10	9.05	9.48	9.02	9.25	3082300	9.02	2243	通产丽星	SZ989	5/25/10	9.01	9.26	8.87	9.1	2338600	8.87	2243	通产丽星	SZ990	5/24/10	8.5	9.2	8.5	9.09	3303300	8.86	2243	通产丽星	SZ991	5/21/10	8.05	8.55	8.05	8.49	2148200	8.28	2243	通产丽星	SZ992	5/20/10	8.47	8.68	8.31	8.36	1368600	8.15	2243	通产丽星	SZ993	5/19/10	8.5	8.75	8.4	8.53	1711400	8.32	2243	通产丽星	SZ994	5/18/10	8.75	8.85	8.05	8.53	2701900	8.32	2243	通产丽星	SZ995	5/17/10	9.63	9.71	8.78	8.78	2655300	8.56	2243	通产丽星	SZ996	5/14/10	9.59	9.96	9.45	9.75	2204300	9.51	2243	通产丽星	SZ997	5/13/10	9.49	9.66	9.01	9.66	2145800	9.42	2243	通产丽星	SZ998	5/12/10	10.1	10.1	9.4	9.5	2327700	9.26	2243	通产丽星	SZ999	5/10/10	11.05	11.13	10.25	10.33	2276700	10.07	2243	通产丽星	SZ1000	5/7/10	11.01	11.27	10.81	10.99	1115400	10.72	2243	通产丽星	SZ1001	5/6/10	11.36	11.58	11.16	11.16	1688800	10.88	2243	通产丽星	SZ1002	5/5/10	11.1	11.49	10.9	11.47	1651700	11.18	2243	通产丽星	SZ1003	5/4/10	11	11.16	10.73	11.01	1001100	10.74	2243	通产丽星	SZ1004	4/30/10	11.71	11.79	11.01	11.11	2401500	10.83	2243	通产丽星	SZ1005	4/29/10	11.68	12.05	11.6	11.73	1522400	11.44	2243	通产丽星	SZ1006	4/28/10	11.57	11.92	11.45	11.68	1412900	11.39	2243	通产丽星	SZ1007	4/27/10	12.21	12.21	11.53	11.71	2530500	11.42	2243	通产丽星	SZ1008	4/26/10	12.3	12.48	12.2	12.21	1979400	11.91	2243	通产丽星	SZ1009	4/23/10	12.63	12.63	12.29	12.41	2374800	12.1	2243	通产丽星	SZ1010	4/22/10	12.4	12.6	12.21	12.51	2803800	12.2	2243	通产丽星	SZ1011	4/21/10	12.2	12.5	12.1	12.39	2951900	12.08	2243	通产丽星	SZ1012	4/20/10	12	12.2	11.82	12.16	2049000	11.86	2243	通产丽星	SZ1013	4/19/10	12.38	12.6	12.06	12.06	2621300	11.76	2243	通产丽星	SZ1014	4/16/10	12.68	12.68	12.36	12.54	2971700	12.23	2243	通产丽星	SZ1015	4/15/10	12.95	12.99	12.65	12.68	3414000	12.36	2243	通产丽星	SZ1016	4/14/10	12.83	12.96	12.68	12.95	2982400	12.63	2243	通产丽星	SZ1017	4/13/10	13.4	13.52	12.68	12.84	5943800	12.52	2243	通产丽星	SZ1018	4/12/10	13.2	13.41	13.11	13.36	6020100	13.03	2243	通产丽星	SZ1019	4/8/10	13.48	13.48	13.08	13.18	4932900	12.85	2243	通产丽星	SZ1020	4/7/10	13.1	13.57	13.1	13.51	7525000	13.17	2243	通产丽星	SZ1021	4/6/10	13.15	13.26	13.04	13.18	3303400	12.85	2243	通产丽星	SZ1022	4/2/10	13.3	13.33	13.08	13.15	4497300	12.82	2243	通产丽星	SZ1023	4/1/10	13.39	13.39	13.13	13.29	4482700	12.96	2243	通产丽星	SZ1024	3/31/10	13.19	13.44	13.13	13.21	3244600	12.88	2243	通产丽星	SZ1025	3/30/10	13.1	13.16	12.93	13.13	3043800	12.8	2243	通产丽星	SZ1026	3/29/10	13.32	13.42	13	13.09	4115400	12.76	2243	通产丽星	SZ1027	3/26/10	13.02	13.4	13.02	13.28	3400200	12.95	2243	通产丽星	SZ1028	3/25/10	13.5	13.5	13.1	13.13	3944500	12.8	2243	通产丽星	SZ1029	3/24/10	13.5	13.7	13.22	13.42	4506600	13.09	2243	通产丽星	SZ1030	3/23/10	13.33	13.73	13.29	13.56	7076900	13.22	2243	通产丽星	SZ1031	3/22/10	13.1	13.69	13.02	13.35	6992100	13.02	2243	通产丽星	SZ1032	3/19/10	12.91	13.14	12.9	13.06	2777100	12.74	2243	通产丽星	SZ1033	3/18/10	13.18	13.18	12.85	12.91	3661100	12.59	2243	通产丽星	SZ1034	3/17/10	12.68	13.2	12.68	13.18	3331300	12.85	2243	通产丽星	SZ1035	3/16/10	12.53	12.67	12.4	12.65	1964300	12.34	2243	通产丽星	SZ1036	3/15/10	12.61	12.61	12.3	12.53	1889400	12.22	2243	通产丽星	SZ1037	3/12/10	13.22	13.27	12.63	12.65	3632700	12.34	2243	通产丽星	SZ1038	3/11/10	13.42	13.57	13.2	13.22	2961900	12.89	2243	通产丽星	SZ1039	3/10/10	13.15	13.48	13.09	13.31	3261000	12.98	2243	通产丽星	SZ1040	3/9/10	13.1	13.35	13.1	13.19	2781800	12.86	2243	通产丽星	SZ1041	3/8/10	13.2	13.45	13.05	13.34	4295200	13.01	2243	通产丽星	SZ1042	3/5/10	13.3	13.68	13.15	13.2	9667900	12.87	2243	通产丽星	SZ1043	3/4/10	12.7	13.88	12.7	13.34	16036200	13.01	2243	通产丽星	SZ1044	3/3/10	12.56	12.76	12.56	12.69	2655800	12.37	2243	通产丽星	SZ1045	3/2/10	12.81	12.85	12.56	12.6	3078600	12.29	2243	通产丽星	SZ1046	3/1/10	12.81	12.9	12.72	12.81	3090900	12.49	2243	通产丽星	SZ1047	2/26/10	12.51	12.82	12.51	12.82	3050200	12.5	2243	通产丽星	SZ1048	2/25/10	12.6	12.79	12.57	12.72	3084300	12.4	2243	通产丽星	SZ1049	2/24/10	12.4	12.64	12.34	12.6	2876600	12.29	2243	通产丽星	SZ1050	2/23/10	12.41	12.46	12.22	12.42	1480200	12.11	2243	通产丽星	SZ1051	2/22/10	12.39	12.6	12.3	12.41	1566900	12.1	2243	通产丽星	SZ1052	2/18/10	12.2	12.61	12.1	12.48	2391200	12.17	2243	通产丽星	SZ1053	2/17/10	12.2	12.61	12.1	12.48	2391200	12.17	2243	通产丽星	SZ1054	2/16/10	12.2	12.61	12.1	12.48	2391200	12.17	2243	通产丽星	SZ1055	2/15/10	12.2	12.61	12.1	12.48	2391200	12.17	2243	通产丽星	SZ1056	2/12/10	12.2	12.61	12.1	12.48	2391200	12.17	2243	通产丽星	SZ1057	2/11/10	12.03	12.2	11.9	12.09	1892800	11.79	2243	通产丽星	SZ1058	2/10/10	12	12.14	11.82	11.98	1588700	11.68	2243	通产丽星	SZ1059	2/9/10	11.71	12	11.45	11.98	2393100	11.68	2243	通产丽星	SZ1060	2/8/10	11.96	11.98	11.6	11.75	1997000	11.46	2243	通产丽星	SZ1061	2/5/10	12.3	12.3	11.9	11.96	2336400	11.66	2243	通产丽星	SZ1062	2/4/10	12.3	12.56	12.01	12.31	1833100	12	2243	通产丽星	SZ1063	2/3/10	12.33	12.44	11.54	12.33	2300500	12.02	2243	通产丽星	SZ1064	2/2/10	12.32	12.58	12.2	12.3	2966700	11.99	2243	通产丽星	SZ1065	1/29/10	12.4	12.85	12.32	12.49	2641700	12.18	2243	通产丽星	SZ1066	1/28/10	12.29	12.46	12.05	12.42	2684300	12.11	2243	通产丽星	SZ1067	1/27/10	12.25	12.45	11.9	12.15	2234800	11.85	2243	通产丽星	SZ1068	1/26/10	12.97	13.09	11.9	12.26	4146200	11.96	2243	通产丽星	SZ1069	1/25/10	13.01	13.2	12.8	12.96	2273400	12.64	2243	通产丽星	SZ1070	1/22/10	13.2	13.24	12.7	13.01	3861800	12.69	2243	通产丽星	SZ1071	1/21/10	13.1	13.45	13.1	13.32	4385200	12.99	2243	通产丽星	SZ1072	1/20/10	13.86	13.93	12.88	13.13	8286300	12.8	2243	通产丽星	SZ1073	1/19/10	14.1	14.1	13.81	13.85	6065700	13.51	2243	通产丽星	SZ1074	1/18/10	13.39	13.98	13.36	13.95	7801500	13.6	2243	通产丽星	SZ1075	1/15/10	13.78	13.97	13.39	13.51	10543500	13.17	2243	通产丽星	SZ1076	1/14/10	13.15	13.82	13.14	13.78	12482100	13.44	2243	通产丽星	SZ1077	1/13/10	13.13	13.38	12.7	13.17	9680300	12.84	2243	通产丽星	SZ1078	1/12/10	12.8	13.45	12.5	13.29	11838700	12.96	2243	通产丽星	SZ1079	1/11/10	12.33	12.9	12.33	12.75	4521000	12.43	2243	通产丽星	SZ1080	1/8/10	12.17	12.5	12.07	12.47	3115700	12.16	2243	通产丽星	SZ1081	1/7/10	12.68	12.75	12.1	12.19	5347200	11.89	2243	通产丽星	SZ1082	1/6/10	13.09	13.09	12.65	12.72	5991800	12.4	2243	通产丽星	SZ1083	1/5/10	12.78	13.09	12.7	13.05	7075800	12.73	2243	通产丽星	SZ1084	1/4/10	12.72	12.85	12.5	12.78	5869500	12.46	2243	通产丽星	SZ1085	12/31/09	12.54	12.59	12.38	12.54	3295800	12.23	2243	通产丽星	SZ1086	12/30/09	12.42	12.6	12.41	12.54	5255800	12.23	2243	通产丽星	SZ1087	12/29/09	12.78	12.89	12.35	12.4	9207400	12.09	2243	通产丽星	SZ1088	12/28/09	12.07	12.78	12.07	12.78	6248000	12.46	2243	通产丽星	SZ1089	12/25/09	11.7	12.19	11.64	12.05	3621100	11.75	2243	通产丽星	SZ1090	12/24/09	11.37	11.8	11.29	11.76	3376800	11.47	2243	通产丽星	SZ1091	12/23/09	11.25	11.42	10.98	11.37	2413000	11.09	2243	通产丽星	SZ1092	12/22/09	11.84	11.84	11.25	11.25	2686900	10.97	2243	通产丽星	SZ1093	12/21/09	11.61	11.8	11.51	11.73	1793900	11.44	2243	通产丽星	SZ1094	12/18/09	12.01	12.22	11.59	11.61	3374300	11.32	2243	通产丽星	SZ1095	12/17/09	12.05	12.37	12.05	12.21	3207400	11.91	2243	通产丽星	SZ1096	12/16/09	12.58	12.66	12.2	12.23	4301300	11.93	2243	通产丽星	SZ1097	12/15/09	12.3	12.71	12.3	12.58	3659400	12.27	2243	通产丽星	SZ1098	12/14/09	12.61	12.61	12.15	12.38	4228100	12.07	2243	通产丽星	SZ1099	12/11/09	13	13	12.6	12.67	4730200	12.36	2243	通产丽星	SZ1100	12/10/09	12.87	13.18	12.8	12.9	5282000	12.58	2243	通产丽星	SZ1101	12/9/09	13.1	13.18	12.67	12.87	9041800	12.55	2243	通产丽星	SZ1102	12/8/09	13.51	13.68	13	13.29	14439000	12.96	2243	通产丽星	SZ1103	12/4/09	12.85	13.3	12.49	13.3	25437300	12.97	2243	通产丽星	SZ1104	12/3/09	12.49	12.84	12.31	12.8	8290800	12.48	2243	通产丽星	SZ1105	12/2/09	12.45	12.63	12.26	12.48	6991000	12.17	2243	通产丽星	SZ1106	12/1/09	11.85	12.45	11.74	12.37	5555100	12.06	2243	通产丽星	SZ1107	11/30/09	11.43	11.96	11.43	11.87	4516800	11.57	2243	通产丽星	SZ1108	11/27/09	11.94	12.23	11.3	11.4	6421600	11.12	2243	通产丽星	SZ1109	11/26/09	12.75	12.9	12	12.07	9481700	11.77	2243	通产丽星	SZ1110	11/25/09	12	12.94	11.9	12.71	10581100	12.39	2243	通产丽星	SZ1111	11/24/09	12.89	13.28	12	12.12	17207300	11.82	2243	通产丽星	SZ1112	11/23/09	12.6	12.95	12.45	12.87	13342700	12.55	2243	通产丽星	SZ1113	11/20/09	12.21	12.42	12	12.4	10464300	12.09	2243	通产丽星	SZ1114	11/19/09	12.32	12.35	12	12.24	8016200	11.94	2243	通产丽星	SZ1115	11/18/09	12.2	12.32	12.03	12.23	9233500	11.93	2243	通产丽星	SZ1116	11/17/09	11.9	12.28	11.7	12.2	11063500	11.9	2243	通产丽星	SZ1117	11/16/09	11.8	12.03	11.8	11.9	12112900	11.6	2243	通产丽星	SZ1118	11/13/09	11.33	11.82	11.26	11.79	11657500	11.5	2243	通产丽星	SZ1119	11/12/09	11.11	11.48	11.1	11.32	6244800	11.04	2243	通产丽星	SZ1120	11/11/09	11.18	11.27	10.96	11.1	5482800	10.82	2243	通产丽星	SZ1121	11/10/09	11.43	11.5	11.18	11.23	5593300	10.95	2243	通产丽星	SZ1122	11/9/09	11.32	11.47	11.31	11.4	4716400	11.12	2243	通产丽星	SZ1123	11/6/09	11.51	11.57	11.35	11.38	6706600	11.1	2243	通产丽星	SZ1124	11/5/09	11.32	11.48	11.05	11.46	7578000	11.18	2243	通产丽星	SZ1125	11/4/09	11.4	11.55	11.25	11.34	6154800	11.06	2243	通产丽星	SZ1126	11/3/09	10.83	11.52	10.81	11.4	9393100	11.12	2243	通产丽星	SZ1127	11/2/09	10.35	10.8	10.14	10.76	6038800	10.49	2243	通产丽星	SZ1128	10/30/09	10.61	10.9	10.58	10.63	5522300	10.37	2243	通产丽星	SZ1129	10/29/09	10.8	10.8	10.44	10.49	4897100	10.23	2243	通产丽星	SZ1130	10/28/09	10.7	10.95	10.6	10.95	4781800	10.68	2243	通产丽星	SZ1131	10/27/09	11.28	11.28	10.74	10.75	8167000	10.48	2243	通产丽星	SZ1132	10/26/09	11.74	11.83	11.23	11.39	10608800	11.11	2243	通产丽星	SZ1133	10/23/09	11.9	12.04	11.7	11.83	8085100	11.54	2243	通产丽星	SZ1134	10/22/09	11.7	12.02	11.6	11.77	8070800	11.48	2243	通产丽星	SZ1135	10/21/09	11.8	12.24	11.49	11.85	13444200	11.56	2243	通产丽星	SZ1136	10/20/09	11.1	12.12	11.04	11.89	15720500	11.59	2243	通产丽星	SZ1137	10/19/09	11	11.2	10.79	11.1	11919400	10.82	2243	通产丽星	SZ1138	10/16/09	11.1	11.16	10.53	11.09	18828600	10.81	2243	通产丽星	SZ1139	10/15/09	10	10.93	9.98	10.93	20425600	10.66	2243	通产丽星	SZ1140	10/14/09	9.83	10.17	9.69	9.94	10878900	9.69	2243	通产丽星	SZ1141	10/13/09	9.45	9.79	9.38	9.73	7021900	9.49	2243	通产丽星	SZ1142	10/12/09	9.69	9.69	9.27	9.42	6896700	9.19	2243	通产丽星	SZ1143	10/9/09	9.34	9.76	9.18	9.63	8352800	9.39	2243	通产丽星	SZ1144	10/8/09	9.12	9.12	9.12	9.12	0	8.89	2243	通产丽星	SZ1145	10/7/09	9.12	9.12	9.12	9.12	0	8.89	2243	通产丽星	SZ1146	10/6/09	9.12	9.12	9.12	9.12	0	8.89	2243	通产丽星	SZ1147	10/5/09	9.12	9.12	9.12	9.12	0	8.89	2243	通产丽星	SZ1148	10/2/09	9.12	9.12	9.12	9.12	0	8.89	2243	通产丽星	SZ1149	10/1/09	9.12	9.12	9.12	9.12	0	8.89	2243	通产丽星	SZ1150	9/30/09	9.31	9.55	9.09	9.12	7500500	8.89	2243	通产丽星	SZ1151	9/29/09	10.15	10.25	9.23	9.23	10821700	9	2243	通产丽星	SZ1152	9/28/09	10.7	11.05	10.18	10.26	9452600	10	2243	通产丽星	SZ1153	9/25/09	18.64	18.79	17.11	17.42	7166300	16.86	2243	通产丽星	SZ1154	9/24/09	17.89	18.97	17.7	18.63	6610600	18.04	2243	通产丽星	SZ1155	9/23/09	18.89	19.18	17.87	18.08	7434500	17.51	2243	通产丽星	SZ1156	9/22/09	20.88	21.16	19.02	19.05	10232700	18.44	2243	通产丽星	SZ1157	9/21/09	20.56	21.17	20.23	21.05	7785200	20.38	2243	通产丽星	SZ1158	9/18/09	20.97	21.62	20.29	20.72	15375700	20.06	2243	通产丽星	SZ1159	9/17/09	20.38	21.87	20.26	20.42	11043100	19.77	2243	通产丽星	SZ1160	9/16/09	19.19	20.73	18.99	20.49	9818100	19.84	2243	通产丽星	SZ1161	9/15/09	19.17	19.7	19.09	19.19	8546500	18.58	2243	通产丽星	SZ1162	9/14/09	18.64	19.85	18.19	19.43	15267500	18.82	2243	通产丽星	SZ1163	9/11/09	18.13	19.09	17.38	18.83	18457500	18.23	2243	通产丽星	SZ1164	9/10/09	17.18	18.87	17.03	17.91	16427800	17.34	2243	通产丽星	SZ1165	9/9/09	16.23	17.46	15.97	17.36	8728300	16.8	2243	通产丽星	SZ1166	9/8/09	15.92	15.92	15.92	15.92	0	15.42	2243	通产丽星	SZ1167	9/7/09	16.2	16.56	15.81	15.92	5670700	15.42	2243	通产丽星	SZ1168	9/4/09	15.72	16.28	15.61	16.06	3348500	15.55	2243	通产丽星	SZ1169	9/3/09	15.26	16.01	15.04	15.84	3773900	15.34	2243	通产丽星	SZ1170	9/2/09	14.51	15.26	14.41	15.16	2905500	14.68	2243	通产丽星	SZ1171	9/1/09	14.9	15.24	14.18	14.88	3636300	14.41	2243	通产丽星	SZ1172	8/31/09	16.09	16.2	14.76	14.9	4611700	14.43	2243	通产丽星	SZ1173	8/28/09	16.8	16.86	15.68	16.4	5941700	15.88	2243	通产丽星	SZ1174	8/27/09	17.1	17.73	16.45	16.74	7415700	16.21	2243	通产丽星	SZ1175	8/26/09	17.19	17.57	16.95	17.12	8726000	16.57	2243	通产丽星	SZ1176	8/25/09	16.32	17.45	15.81	17.19	11061800	16.64	2243	通产丽星	SZ1177	8/24/09	15.2	16.85	15.2	16.34	7737000	15.82	2243	通产丽星	SZ1178	8/21/09	14.1	15.53	13.97	15.38	6443100	14.89	2243	通产丽星	SZ1179	8/20/09	13.72	14.55	13.65	14.29	6590700	13.84	2243	通产丽星	SZ1180	8/19/09	13.57	14.4	13.37	13.92	7007100	13.47	2243	通产丽星	SZ1181	8/18/09	15.31	15.31	14.14	14.14	3031400	13.69	2243	通产丽星	SZ1182	8/17/09	15.76	16.28	15.01	15.71	8727900	15.21	2243	通产丽星	SZ1183	8/14/09	15.91	16	15.27	15.59	3309600	15.09	2243	通产丽星	SZ1184	8/13/09	15.81	16.25	15.61	15.86	5156200	15.36	2243	通产丽星	SZ1185	8/12/09	14.92	16.05	14.92	15.41	4563400	14.92	2243	通产丽星	SZ1186	8/11/09	14.8	14.97	14.61	14.87	1144900	14.4	2243	通产丽星	SZ1187	8/10/09	15.16	15.17	14.21	14.91	2065200	14.44	2243	通产丽星	SZ1188	8/7/09	15.61	15.84	14.89	14.93	2304500	14.46	2243	通产丽星	SZ1189	8/6/09	16.04	16.16	15.47	15.57	2468300	15.07	2243	通产丽星	SZ1190	8/5/09	15.72	16.05	15.41	16.03	3532400	15.52	2243	通产丽星	SZ1191	8/4/09	15.62	15.88	15.26	15.67	2437500	15.17	2243	通产丽星	SZ1192	8/3/09	14.91	15.74	14.89	15.71	3397900	15.21	2243	通产丽星	SZ1193	7/31/09	14.88	15.28	14.7	15.23	3499200	14.74	2243	通产丽星	SZ1194	7/30/09	14.82	15.19	13.96	14.71	2908600	14.24	2243	通产丽星	SZ1195	7/29/09	16	16.6	14.42	14.83	3880500	14.36	2243	通产丽星	SZ1196	7/28/09	15.33	16.14	15.16	16.02	4589000	15.51	2243	通产丽星	SZ1197	7/27/09	14.91	15.41	14.77	15.36	3996300	14.87	2243	通产丽星	SZ1198	7/24/09	15.13	15.23	14.33	14.71	3419500	14.24	2243	通产丽星	SZ1199	7/23/09	15.02	15.33	14.91	15.13	2742500	14.65	2243	通产丽星	SZ1200	7/22/09	14.95	15.21	14.61	15.12	4422400	14.64	2243	通产丽星	SZ1201	7/21/09	15.81	16.15	14.86	14.91	6321900	14.44	2243	通产丽星	SZ1202	7/20/09	16.5	16.58	15.75	15.86	5105900	15.36	2243	通产丽星	SZ1203	7/17/09	16.51	16.75	16.17	16.7	3206000	16.17	2243	通产丽星	SZ1204	7/16/09	16.36	17.05	16.15	16.5	3741600	15.98	2243	通产丽星	SZ1205	7/15/09	16.38	16.85	16.15	16.6	5387800	16.07	2243	通产丽星	SZ1206	7/14/09	14.93	16.33	14.86	16.33	6958100	15.81	2243	通产丽星	SZ1207	7/13/09	14.67	15.06	14.62	14.85	2389700	14.38	2243	通产丽星	SZ1208	7/10/09	14.61	15.1	14.37	14.71	4919300	14.24	2243	通产丽星	SZ1209	7/9/09	14.29	15.02	13.87	14.6	7649300	14.14	2243	通产丽星	SZ1210	7/8/09	13.87	14.39	13.62	14.29	3126900	13.84	2243	通产丽星	SZ1211	7/7/09	13.57	14.13	13.51	13.9	2649800	13.45	2243	通产丽星	SZ1212	7/6/09	13.77	14.19	13.5	13.57	2676800	13.14	2243	通产丽星	SZ1213	7/3/09	12.82	13.92	12.82	13.74	3746700	13.3	2243	通产丽星	SZ1214	7/2/09	13.37	13.47	12.83	12.92	3625800	12.51	2243	通产丽星	SZ1215	7/1/09	12.67	13.32	12.49	13.25	3340800	12.83	2243	通产丽星	SZ1216	6/30/09	12.59	12.88	12.23	12.58	3193600	12.18	2243	通产丽星	SZ1217	6/29/09	12.41	13.08	12.33	12.67	3842300	12.27	2243	通产丽星	SZ1218	6/26/09	12.18	12.75	11.93	12.41	5148900	12.01	2243	通产丽星	SZ1219	6/25/09	11.47	12.42	11.45	12.08	6923500	11.69	2243	通产丽星	SZ1220	6/24/09	10.93	11.88	10.75	11.63	7339500	11.26	2243	通产丽星	SZ1221	6/23/09	10.69	11.22	10.65	10.93	4672100	10.59	2243	通产丽星	SZ1222	6/22/09	10.62	11.17	10.54	10.86	5355300	10.52	2243	通产丽星	SZ1223	6/19/09	10.1	10.93	10.04	10.66	5108600	10.32	2243	通产丽星	SZ1224	6/18/09	9.98	10.1	9.94	10.1	2082600	9.78	2243	通产丽星	SZ1225	6/17/09	9.94	10.08	9.79	9.95	1235500	9.63	2243	通产丽星	SZ1226	6/16/09	9.86	10.14	9.82	9.99	2433000	9.67	2243	通产丽星	SZ1227	6/15/09	9.65	9.86	9.6	9.86	956800	9.55	2243	通产丽星	SZ1228	6/12/09	9.75	9.86	9.5	9.66	1977000	9.35	2243	通产丽星	SZ1229	6/11/09	10.1	10.15	9.69	9.76	1809500	9.45	2243	通产丽星	SZ1230	6/10/09	10.2	10.31	10.06	10.22	2250700	9.78	2243	通产丽星	SZ1231	6/9/09	9.82	10.27	9.82	10.23	3497100	9.79	2243	通产丽星	SZ1232	6/8/09	9.84	9.99	9.8	9.86	1188500	9.44	2243	通产丽星	SZ1233	6/5/09	9.97	10.01	9.82	9.86	1424500	9.44	2243	通产丽星	SZ1234	6/4/09	9.94	10.03	9.79	9.94	1595000	9.51	2243	通产丽星	SZ1235	6/3/09	9.84	10.04	9.84	9.94	1122000	9.51	2243	通产丽星	SZ1236	6/2/09	10.04	10.17	9.88	9.89	2056600	9.46	2243	通产丽星	SZ1237	6/1/09	9.64	9.93	9.55	9.93	2274700	9.5	2243	通产丽星	SZ1238	5/29/09	9.62	9.62	9.62	9.62	0	9.21	2243	通产丽星	SZ1239	5/28/09	9.62	9.62	9.62	9.62	0	9.21	2243	通产丽星	SZ1240	5/27/09	9.66	9.79	9.44	9.62	1337100	9.21	2243	通产丽星	SZ1241	5/26/09	9.54	9.8	9.5	9.64	1138600	9.23	2243	通产丽星	SZ1242	5/25/09	9.46	9.62	9.24	9.54	1497400	9.13	2243	通产丽星	SZ1243	5/22/09	9.67	9.88	9.59	9.68	1614500	9.26	2243	通产丽星	SZ1244	5/21/09	9.9	10	9.69	9.72	2329200	9.3	2243	通产丽星	SZ1245	5/20/09	10.25	10.25	9.94	9.96	2687600	9.53	2243	通产丽星	SZ1246	5/19/09	10.29	10.44	10.08	10.28	3388700	9.83	2243	通产丽星	SZ1247	5/18/09	10.31	10.35	9.97	10.24	3595000	9.8	2243	通产丽星	SZ1248	5/15/09	9.94	10.54	9.85	10.31	6470400	9.86	2243	通产丽星	SZ1249	5/14/09	9.78	10.24	9.78	10.07	8159500	9.64	2243	通产丽星	SZ1250	5/13/09	9.4	9.69	9.37	9.69	2214800	9.27	2243	通产丽星	SZ1251	5/12/09	9.24	9.53	9.18	9.44	1605600	9.04	2243	通产丽星	SZ1252	5/11/09	9.74	9.75	9.26	9.26	2927900	8.86	2243	通产丽星	SZ1253	5/8/09	9.54	9.78	9.5	9.72	2168900	9.3	2243	通产丽星	SZ1254	5/7/09	9.88	9.99	9.4	9.71	3474300	9.29	2243	通产丽星	SZ1255	5/6/09	9.74	9.99	9.69	9.87	2653200	9.44	2243	通产丽星	SZ1256	5/5/09	9.79	10.14	9.69	9.82	2929500	9.4	2243	通产丽星	SZ1257	5/4/09	9.46	9.75	9.32	9.74	3240000	9.32	2243	通产丽星	SZ1258	5/1/09	9.39	9.39	9.39	9.39	0	8.99	2243	通产丽星	SZ1259	4/30/09	9.42	9.64	9.29	9.39	2983300	8.99	2243	通产丽星	SZ1260	4/29/09	9.22	9.39	9.11	9.34	3000300	8.94	2243	通产丽星	SZ1261	4/28/09	9.13	9.22	8.85	9.05	2384700	8.66	2243	通产丽星	SZ1262	4/27/09	9.54	9.59	8.84	8.9	2812600	8.51	2243	通产丽星	SZ1263	4/24/09	9.57	9.72	9.41	9.53	2405800	9.12	2243	通产丽星	SZ1264	4/23/09	9.94	9.94	9.36	9.57	3872800	9.16	2243	通产丽星	SZ1265	4/22/09	10.41	10.41	9.44	9.89	4380000	9.46	2243	通产丽星	SZ1266	4/21/09	10.24	10.37	10.02	10.2	3730300	9.76	2243	通产丽星	SZ1267	4/20/09	9.84	10.19	9.62	10.19	3526300	9.75	2243	通产丽星	SZ1268	4/17/09	10.18	10.18	9.62	9.74	4312500	9.32	2243	通产丽星	SZ1269	4/16/09	10.17	10.17	10.17	10.17	0	9.73	2243	通产丽星	SZ1270	4/15/09	10.13	10.58	9.96	10.17	6540800	9.73	2243	通产丽星	SZ1271	4/14/09	9.84	10.13	9.55	10.08	5882500	9.64	2243	通产丽星	SZ1272	4/13/09	9.54	9.89	9.44	9.68	5230600	9.26	2243	通产丽星	SZ1273	4/10/09	9.2	9.5	9.09	9.39	4226300	8.99	2243	通产丽星	SZ1274	4/9/09	9.22	9.28	8.8	9.18	3800100	8.79	2243	通产丽星	SZ1275	4/8/09	9.57	9.57	8.98	8.98	4291900	8.59	2243	通产丽星	SZ1276	4/7/09	9.13	9.58	9.07	9.47	4705600	9.06	2243	通产丽星	SZ1277	4/6/09	9.04	9.04	9.04	9.04	0	8.65	2243	通产丽星	SZ1278	4/3/09	9.22	9.23	8.92	9.04	3536700	8.65	2243	通产丽星	SZ1279	4/2/09	9.15	9.22	8.94	9.03	5221100	8.64	2243	通产丽星	SZ1280	4/1/09	8.89	9.17	8.78	9.03	6037700	8.64	2243	通产丽星	SZ1281	3/31/09	8.57	8.8	8.47	8.8	3547800	8.42	2243	通产丽星	SZ1282	3/30/09	8.55	8.75	8.42	8.7	2453400	8.32	2243	通产丽星	SZ1283	3/27/09	8.52	8.61	8.45	8.49	2124200	8.12	2243	通产丽星	SZ1284	3/26/09	8.37	8.52	8.15	8.5	3656100	8.13	2243	通产丽星	SZ1285	3/25/09	8.61	8.72	8.42	8.42	2045700	8.06	2243	通产丽星	SZ1286	3/24/09	8.77	8.82	8.53	8.62	3688000	8.25	2243	通产丽星	SZ1287	3/23/09	8.68	8.8	8.53	8.73	5826800	8.35	2243	通产丽星	SZ1288	3/20/09	8.76	8.92	8.4	8.9	3474000	8.51	2243	通产丽星	SZ1289	3/19/09	8.82	8.85	8.65	8.79	1947300	8.41	2243	通产丽星	SZ1290	3/18/09	8.79	8.93	8.63	8.76	2953500	8.38	2243	通产丽星	SZ1291	3/17/09	8.53	8.84	8.49	8.78	3041000	8.4	2243	通产丽星	SZ1292	3/16/09	8.23	8.62	8.2	8.58	2834200	8.21	2243	通产丽星	SZ1293	3/13/09	8.15	8.32	8.02	8.23	1560900	7.88	2243	通产丽星	SZ1294	3/12/09	8.03	8.15	7.8	8.12	1081600	7.77	2243	通产丽星	SZ1295	3/11/09	8.11	8.32	8.02	8.04	1410100	7.69	2243	通产丽星	SZ1296	3/10/09	7.82	8.02	7.75	8.01	1034000	7.67	2243	通产丽星	SZ1297	3/9/09	8.24	8.38	7.8	7.82	1536300	7.49	2243	通产丽星	SZ1298	3/6/09	8.21	8.43	8.11	8.25	1383100	7.89	2243	通产丽星	SZ1299	3/5/09	8.35	8.52	7.98	8.34	2099000	7.98	2243	通产丽星	SZ1300	3/4/09	7.76	8.25	7.76	8.25	2076500	7.89	2243	通产丽星	SZ1301	3/3/09	7.45	7.8	7.36	7.71	1316600	7.38	2243	通产丽星	SZ1302	3/2/09	7.32	7.72	7.29	7.67	1463000	7.34	2243	通产丽星	SZ1303	2/27/09	8.07	8.29	7.46	7.46	3156200	7.13	2243	通产丽星	SZ1304	2/26/09	8.75	9.15	7.95	8.28	4195900	7.92	2243	通产丽星	SZ1305	2/25/09	8.5	8.84	8.31	8.75	3359700	8.37	2243	通产丽星	SZ1306	2/24/09	8.85	9.04	8.4	8.41	3473400	8.05	2243	通产丽星	SZ1307	2/23/09	8.63	9.07	8.5	8.96	4155700	8.57	2243	通产丽星	SZ1308	2/20/09	8.1	8.66	8.1	8.53	3569000	8.16	2243	通产丽星	SZ1309	2/19/09	7.8	8.08	7.78	8.08	1578500	7.73	2243	通产丽星	SZ1310	2/18/09	7.97	8.1	7.74	7.78	2063000	7.45	2243	通产丽星	SZ1311	2/17/09	8.45	8.45	8.05	8.08	3096000	7.73	2243	通产丽星	SZ1312	2/16/09	8.45	8.73	8.28	8.46	3689400	8.09	2243	通产丽星	SZ1313	2/13/09	8.25	8.54	8.25	8.42	3477000	8.06	2243	通产丽星	SZ1314	2/12/09	8.12	8.25	7.8	8.2	2585800	7.85	2243	通产丽星	SZ1315	2/11/09	8.15	8.35	8.01	8.08	4709500	7.73	2243	通产丽星	SZ1316	2/10/09	8.48	8.48	8.11	8.3	4094000	7.94	2243	通产丽星	SZ1317	2/9/09	7.83	8.5	7.69	8.24	5074600	7.88	2243	通产丽星	SZ1318	2/6/09	7.41	7.93	7.37	7.73	4305200	7.4	2243	通产丽星	SZ1319	2/5/09	7.49	7.5	7.31	7.35	3369900	7.03	2243	通产丽星	SZ1320	2/4/09	7.53	7.59	7.35	7.5	2666200	7.17	2243	通产丽星	SZ1321	2/3/09	7.39	7.52	7.35	7.49	2281200	7.16	2243	通产丽星	SZ1322	2/2/09	7.38	7.43	7.29	7.42	1658800	7.1	2243	通产丽星	SZ1323	1/23/09	7.25	7.39	7.21	7.3	1744600	6.98	2243	通产丽星	SZ1324	1/22/09	7.2	7.27	7.11	7.27	1557100	6.95	2243	通产丽星	SZ1325	1/21/09	7.2	7.25	7.09	7.15	1331500	6.84	2243	通产丽星	SZ1326	1/20/09	7.26	7.27	7.12	7.24	1248900	6.92	2243	通产丽星	SZ1327	1/19/09	7.05	7.23	6.97	7.23	2300900	6.91	2243	通产丽星	SZ1328	1/16/09	7.21	7.35	7.02	7.05	3906500	6.74	2243	通产丽星	SZ1329	1/15/09	7.35	7.41	7.11	7.21	3585500	6.9	2243	通产丽星	SZ1330	1/14/09	7.09	7.44	7.06	7.42	2444800	7.1	2243	通产丽星	SZ1331	1/13/09	7.32	7.51	7.07	7.14	2413900	6.83	2243	通产丽星	SZ1332	1/12/09	7.6	7.96	7.5	7.53	4481000	7.21	2243	通产丽星	SZ1333	1/9/09	7.16	7.62	7.15	7.58	3999800	7.26	2243	通产丽星	SZ1334	1/8/09	7.21	7.34	7.09	7.23	1763800	6.91	2243	通产丽星	SZ1335	1/7/09	7.36	7.48	7.31	7.4	1471000	7.08	2243	通产丽星	SZ1336	1/6/09	7.27	7.45	7.21	7.4	2266900	7.08	2243	通产丽星	SZ1337	1/5/09	7.19	7.64	6.92	7.4	2637900	7.08	2243	通产丽星	SZ1338	1/2/09	6.96	6.96	6.96	6.96	0	6.66	2243	通产丽星	SZ1339	1/1/09	6.96	6.96	6.96	6.96	0	6.66	2243	通产丽星	SZ1340	12/31/08	7.16	7.33	6.95	6.96	1436500	6.66	2243	通产丽星	SZ1341	12/30/08	6.96	7.4	6.92	7.25	2047400	6.93	2243	通产丽星	SZ1342	12/29/08	7.04	7.19	6.72	7.02	2141200	6.72	2243	通产丽星	SZ1343	12/26/08	6.81	7.4	6.71	7.19	3256000	6.88	2243	通产丽星	SZ1344	12/25/08	6.61	6.94	6.51	6.88	1926400	6.58	2243	通产丽星	SZ1345	12/24/08	6.34	6.78	6.27	6.76	2406600	6.47	2243	通产丽星	SZ1346	12/23/08	6.98	6.98	6.39	6.44	2880700	6.16	2243	通产丽星	SZ1347	12/22/08	6.72	7.04	6.66	6.98	2180100	6.68	2243	通产丽星	SZ1348	12/19/08	6.65	6.8	6.51	6.68	1858400	6.39	2243	通产丽星	SZ1349	12/18/08	6.45	6.59	6.34	6.54	810300	6.26	2243	通产丽星	SZ1350	12/17/08	6.4	6.62	6.32	6.46	1428800	6.18	2243	通产丽星	SZ1351	12/16/08	6.19	6.38	5.94	6.34	981000	6.07	2243	通产丽星	SZ1352	12/15/08	6.13	6.22	6.01	6.19	842700	5.93	2243	通产丽星	SZ1353	12/12/08	6.39	6.49	5.98	6.05	1604900	5.79	2243	通产丽星	SZ1354	12/11/08	6.92	6.94	6.49	6.49	1796100	6.21	2243	通产丽星	SZ1355	12/10/08	6.66	6.99	6.49	6.93	1947400	6.63	2243	通产丽星	SZ1356	12/9/08	6.58	6.71	6.41	6.68	2402200	6.39	2243	通产丽星	SZ1357	12/8/08	6.45	6.86	6.34	6.58	2854100	6.3	2243	通产丽星	SZ1358	12/5/08	5.91	6.31	5.87	6.31	2326800	6.04	2243	通产丽星	SZ1359	12/4/08	6.12	6.38	5.94	5.98	4010100	5.73	2243	通产丽星	SZ1360	12/3/08	5.96	6.14	5.89	6.1	3270400	5.84	2243	通产丽星	SZ1361	12/2/08	5.57	6.04	5.55	5.87	3528300	5.62	2243	通产丽星	SZ1362	12/1/08	5.32	5.77	5.3	5.75	2784700	5.5	2243	通产丽星	SZ1363	11/28/08	5.21	5.37	5.2	5.35	1121200	5.12	2243	通产丽星	SZ1364	11/27/08	5.55	5.62	5.19	5.23	1935100	5	2243	通产丽星	SZ1365	11/26/08	5.15	5.27	5.07	5.18	685500	4.96	2243	通产丽星	SZ1366	11/25/08	5.22	5.27	5.02	5.11	846000	4.89	2243	通产丽星	SZ1367	11/24/08	5.35	5.47	5.08	5.12	1037800	4.9	2243	通产丽星	SZ1368	11/21/08	5.4	5.58	5.15	5.39	2138700	5.16	2243	通产丽星	SZ1369	11/20/08	5.47	5.78	5.42	5.57	2545200	5.33	2243	通产丽星	SZ1370	11/19/08	5.16	5.57	5.14	5.55	1994500	5.31	2243	通产丽星	SZ1371	11/18/08	5.65	5.73	5.13	5.13	2697100	4.91	2243	通产丽星	SZ1372	11/17/08	5.52	5.75	5.44	5.7	2764700	5.45	2243	通产丽星	SZ1373	11/14/08	5.45	5.62	5.27	5.54	3175100	5.3	2243	通产丽星	SZ1374	11/13/08	4.94	5.5	4.84	5.47	5068300	5.23	2243	通产丽星	SZ1375	11/12/08	4.72	5.03	4.71	5	1409000	4.78	2243	通产丽星	SZ1376	11/11/08	4.91	4.95	4.72	4.77	1263500	4.57	2243	通产丽星	SZ1377	11/10/08	4.65	4.94	4.65	4.94	1476600	4.73	2243	通产丽星	SZ1378	11/7/08	4.45	4.67	4.4	4.62	746900	4.42	2243	通产丽星	SZ1379	11/6/08	4.52	4.58	4.48	4.52	725200	4.33	2243	通产丽星	SZ1380	11/5/08	4.45	4.67	4.41	4.65	1064300	4.45	2243	通产丽星	SZ1381	11/4/08	4.45	4.49	4.3	4.41	575900	4.22	2243	通产丽星	SZ1382	11/3/08	4.27	4.5	4.22	4.5	818200	4.31	2243	通产丽星	SZ1383	10/31/08	4.39	4.43	4.28	4.33	361000	4.15	2243	通产丽星	SZ1384	10/30/08	4.27	4.47	4.24	4.39	693800	4.2	2243	通产丽星	SZ1385	10/29/08	4.38	4.49	4.27	4.27	794900	4.09	2243	通产丽星	SZ1386	10/28/08	4.16	4.37	4.16	4.33	1032400	4.15	2243	通产丽星	SZ1387	10/27/08	4.37	4.42	4.14	4.16	612100	3.98	2243	通产丽星	SZ1388	10/24/08	4.63	4.67	4.42	4.48	410200	4.29	2243	通产丽星	SZ1389	10/23/08	4.42	4.62	4.38	4.61	388200	4.41	2243	通产丽星	SZ1390	10/22/08	4.42	4.7	4.42	4.58	879700	4.38	2243	通产丽星	SZ1391	10/21/08	4.55	4.61	4.47	4.51	490600	4.32	2243	通产丽星	SZ1392	10/20/08	4.3	4.56	4.3	4.51	359700	4.32	2243	通产丽星	SZ1393	10/17/08	4.38	4.41	4.27	4.37	289800	4.19	2243	通产丽星	SZ1394	10/16/08	4.37	4.43	4.25	4.27	506800	4.09	2243	通产丽星	SZ1395	10/15/08	4.48	4.63	4.48	4.58	381400	4.38	2243	通产丽星	SZ1396	10/14/08	4.86	4.88	4.57	4.57	806600	4.38	2243	通产丽星	SZ1397	10/13/08	4.57	4.71	4.46	4.7	474000	4.5	2243	通产丽星	SZ1398	10/10/08	4.94	4.94	4.65	4.67	1112700	4.47	2243	通产丽星	SZ1399	10/9/08	5.2	5.2	5.05	5.08	444100	4.86	2243	通产丽星	SZ1400	10/8/08	5.09	5.13	5.01	5.09	551600	4.87	2243	通产丽星	SZ1401	10/7/08	5.06	5.26	4.97	5.19	673100	4.96	2243	通产丽星	SZ1402	10/6/08	5.39	5.39	5.18	5.2	618300	4.97	2243	通产丽星	SZ1403	10/3/08	5.55	5.55	5.55	5.55	0	5.31	2243	通产丽星	SZ1404	10/2/08	5.55	5.55	5.55	5.55	0	5.31	2243	通产丽星	SZ1405	10/1/08	5.55	5.55	5.55	5.55	0	5.31	2243	通产丽星	SZ1406	9/30/08	5.55	5.55	5.55	5.55	0	5.31	2243	通产丽星	SZ1407	9/29/08	5.55	5.55	5.55	5.55	0	5.31	2243	通产丽星	SZ1408	9/26/08	5.66	5.66	5.42	5.55	1079700	5.31	2243	通产丽星	SZ1409	9/25/08	5.47	5.76	5.42	5.66	1584500	5.41	2243	通产丽星	SZ1410	9/24/08	5.22	5.57	5.2	5.55	1653600	5.31	2243	通产丽星	SZ1411	9/23/08	5.78	5.78	5.78	5.78	0	5.53	2243	通产丽星	SZ1412	9/22/08	5.91	6.17	5.64	5.78	3608900	5.53	2243	通产丽星	SZ1413	9/19/08	5.57	5.62	5.47	5.62	1262800	5.37	2243	通产丽星	SZ1414	9/18/08	5.22	5.32	4.88	5.11	1037500	4.89	2243	通产丽星	SZ1415	9/17/08	5.37	5.43	5.26	5.32	555300	5.09	2243	通产丽星	SZ1416	9/16/08	5.47	5.52	5.25	5.36	733600	5.13	2243	通产丽星	SZ1417	9/15/08	5.49	5.49	5.49	5.49	0	5.25	2243	通产丽星	SZ1418	9/12/08	5.56	5.61	5.48	5.49	429200	5.25	2243	通产丽星	SZ1419	9/11/08	5.48	5.62	5.41	5.52	573100	5.28	2243	通产丽星	SZ1420	9/10/08	5.48	5.71	5.45	5.57	753500	5.33	2243	通产丽星	SZ1421	9/9/08	5.62	5.66	5.35	5.57	746500	5.33	2243	通产丽星	SZ1422	9/8/08	5.96	5.99	5.55	5.55	1889200	5.31	2243	通产丽星	SZ1423	9/5/08	6.16	6.16	6.16	6.16	0	5.9	2243	通产丽星	SZ1424	9/4/08	6.13	6.21	6.07	6.16	1135300	5.9	2243	通产丽星	SZ1425	9/3/08	6.05	6.12	5.97	6.11	778700	5.85	2243	通产丽星	SZ1426	9/2/08	6	6.16	5.96	6.09	1020500	5.83	2243	通产丽星	SZ1427	9/1/08	6.24	6.26	5.97	6	1324800	5.74	2243	通产丽星	SZ1428	8/29/08	6.16	6.41	6.07	6.32	2702300	6.05	2243	通产丽星	SZ1429	8/28/08	6.02	6.37	5.93	6.23	4871700	5.96	2243	通产丽星	SZ1430	8/27/08	6.45	6.53	6.17	6.26	416200	5.99	2243	通产丽星	SZ1431	8/26/08	6.87	6.87	6.28	6.4	705000	6.13	2243	通产丽星	SZ1432	8/25/08	6.87	7.01	6.79	6.91	304900	6.61	2243	通产丽星	SZ1433	8/22/08	7	7.01	6.76	6.87	394800	6.57	2243	通产丽星	SZ1434	8/21/08	7.21	7.34	7	7.06	652800	6.75	2243	通产丽星	SZ1435	8/20/08	6.85	7.44	6.61	7.38	957400	7.06	2243	通产丽星	SZ1436	8/19/08	6.48	6.84	6.48	6.82	470800	6.52	2243	通产丽星	SZ1437	8/18/08	7.21	7.25	6.67	6.68	828900	6.39	2243	通产丽星	SZ1438	8/15/08	7.16	7.3	7.05	7.2	441800	6.89	2243	通产丽星	SZ1439	8/14/08	7.11	7.36	7.05	7.23	329000	6.91	2243	通产丽星	SZ1440	8/13/08	7.41	7.41	6.86	7.24	795500	6.92	2243	通产丽星	SZ1441	8/12/08	7.38	7.55	7.28	7.46	637100	7.13	2243	通产丽星	SZ1442	8/11/08	8.13	8.24	7.37	7.5	1559500	7.17	2243	通产丽星	SZ1443	8/8/08	8.81	8.93	7.97	8.13	1426300	7.78	2243	通产丽星	SZ1444	8/7/08	8.64	8.88	8.61	8.84	1427300	8.46	2243	通产丽星	SZ1445	8/6/08	8.46	8.66	8.45	8.64	858500	8.27	2243	通产丽星	SZ1446	8/5/08	8.41	8.55	8.4	8.45	903900	8.08	2243	通产丽星	SZ1447	8/4/08	8.6	8.77	8.35	8.48	1034400	8.11	2243	通产丽星	SZ1448	8/1/08	8.4	8.69	8.34	8.6	1422800	8.23	2243	通产丽星	SZ1449	7/31/08	8.86	9.01	8.45	8.45	2428100	8.08	2243	通产丽星	SZ1450	7/30/08	8.63	9.17	8.6	8.98	4718000	8.59	2243	通产丽星	SZ1451	7/29/08	8.55	8.62	8.39	8.55	1226500	8.18	2243	通产丽星	SZ1452	7/28/08	8.54	8.72	8.53	8.65	1036600	8.27	2243	通产丽星	SZ1453	7/25/08	8.53	8.6	8.46	8.54	1005600	8.17	2243	通产丽星	SZ1454	7/24/08	8.53	8.71	8.52	8.67	1389800	8.29	2243	通产丽星	SZ1455	7/23/08	8.51	8.62	8.41	8.53	1241900	8.16	2243	通产丽星	SZ1456	7/22/08	8.4	8.57	8.37	8.49	739000	8.12	2243	通产丽星	SZ1457	7/21/08	8.23	8.5	8.16	8.45	950500	8.08	2243	通产丽星	SZ1458	7/18/08	8.18	8.25	7.97	8.25	628400	7.89	2243	通产丽星	SZ1459	7/17/08	8.13	8.2	7.96	8.01	556400	7.67	2243	通产丽星	SZ1460	7/16/08	8.36	8.36	7.88	8.03	1370400	7.69	2243	通产丽星	SZ1461	7/15/08	8.6	8.7	8.35	8.36	1393600	8	2243	通产丽星	SZ1462	7/14/08	8.35	8.59	8.27	8.58	1051600	8.21	2243	通产丽星	SZ1463	7/11/08	8.56	8.65	8.26	8.41	1130900	8.05	2243	通产丽星	SZ1464	7/10/08	8.57	8.86	8.5	8.55	2255300	8.18	2243	通产丽星	SZ1465	7/9/08	8.43	8.77	8.35	8.73	2602400	8.35	2243	通产丽星	SZ1466	7/8/08	8.45	8.54	8.16	8.43	1614700	8.07	2243	通产丽星	SZ1467	7/7/08	8.13	8.44	8.12	8.41	1784700	8.05	2243	通产丽星	SZ1468	7/4/08	8.21	8.33	8.03	8.09	1055200	7.74	2243	通产丽星	SZ1469	7/3/08	7.96	8.41	7.86	8.26	1710500	7.9	2243	通产丽星	SZ1470	7/2/08	7.97	8.2	7.93	8.08	908300	7.73	2243	通产丽星	SZ1471	7/1/08	7.93	8.1	7.76	7.93	920800	7.59	2243	通产丽星	SZ1472	6/30/08	7.7	7.99	7.7	7.97	805800	7.63	2243	通产丽星	SZ1473	6/27/08	8.2	8.2	7.7	7.8	1688700	7.47	2243	通产丽星	SZ1474	6/26/08	8.4	8.4	8.4	8.4	0	8.04	2243	通产丽星	SZ1475	6/25/08	8.09	8.44	7.98	8.4	2157000	8.04	2243	通产丽星	SZ1476	6/24/08	7.94	8.18	7.8	8.1	966600	7.75	2243	通产丽星	SZ1477	6/23/08	7.95	8.09	7.85	7.89	1173000	7.55	2243	通产丽星	SZ1478	6/20/08	8.01	8.57	7.76	8.09	2568500	7.74	2243	通产丽星	SZ1479	6/19/08	8.93	8.94	8.14	8.14	3422200	7.79	2243	通产丽星	SZ1480	6/18/08	8.62	9.18	8.61	9.05	2788800	8.66	2243	通产丽星	SZ1481	6/17/08	8.83	9.09	8.53	8.62	2169200	8.25	2243	通产丽星	SZ1482	6/16/08	8.58	8.95	8.51	8.88	2012000	8.49	2243	通产丽星	SZ1483	6/13/08	9.07	9.14	8.63	8.63	1662800	8.26	2243	通产丽星	SZ1484	6/12/08	8.94	9.1	8.77	8.95	1899600	8.56	2243	通产丽星	SZ1485	6/11/08	9.04	9.13	8.59	9.03	2763100	8.64	2243	通产丽星	SZ1486	6/10/08	9.69	9.72	9.06	9.06	3326700	8.66	2243	通产丽星	SZ1487	6/6/08	10.02	10.31	9.95	10.06	2439700	9.63	2243	通产丽星	SZ1488	6/5/08	9.88	10.1	9.79	10.09	2402600	9.65	2243	通产丽星	SZ1489	6/4/08	10.14	10.19	9.86	9.94	2570200	9.51	2243	通产丽星	SZ1490	6/3/08	10.12	10.32	10	10.15	3505400	9.71	2243	通产丽星	SZ1491	6/2/08	10.22	10.27	9.89	10.2	4974200	9.76	2243	通产丽星	SZ1492	5/30/08	10.4	10.6	10.14	10.3	5998000	9.85	2243	通产丽星	SZ1493	5/29/08	10.93	10.93	10.29	10.38	11499700	9.93	2243	通产丽星	SZ1494	5/28/08	11.93	12.17	11.23	11.33	23905700	10.84	2243	通产丽星	SZ1495	5/16/08	7.73	7.73	7.73	7.73	0	7.4	2243	通产丽星	SZ